     1	   4.6376855610806778E-015   7.7571000000000012        100975863.91733557     
     2	   4.6733600653970115E-015   7.8167700000000009        1009758639.1733556     
     3	   4.6971430682755397E-015   7.8565500000000004        10097586391.733557     
     4	   4.8457868362605863E-015   8.1051750000000009        100975863917.33556     
     5	   6.8970708343694798E-015   11.536200000000001        1209718986470.8428     
     6	   9.7510311783213182E-015   16.309800000000003        13996688032402.955     
     7	   2.6815335681299046E-014   44.851950000000009        169960932418652.66     
     8	   1.2604991235483788E-013   210.83400000000003        5818620869419996.0     
     9	   6.8376121777492501E-013   1143.6750000000002        1.8994981676945274E+017
    10	   6.2073559134796262E-012   10382.580000000000        9.7416762795671921E+018
    11	   1.5589716899390952E-011   26075.790000000005        4.9668319771684962E+019
    12	   3.9164447069762479E-011   65507.715000000011        2.4304138046277802E+020
    13	   9.8341660380283577E-011   164490.30000000002        1.1507283601449258E+021
    14	   2.4710031799629872E-010   413314.20000000007        5.2648240198512342E+021
    15	   6.2071274174102869E-010   1038258.0000000001        2.3174378172399636E+022
    16	   1.5588698208443839E-009   2607579.0000000005        9.7527593669375161E+022
    17	   3.9166027870698654E-009   6551766.0000000009        3.9100059685660082E+023
    18	   4.9301569214649304E-009   8247388.5000000009        5.2578524003763536E+023
    19	   9.8383458600681682E-009   16458975.000000002        1.4346699081936730E+024
    20	   1.9627608111286404E-008   32838390.000000004        3.8320668380263117E+024
    21	   3.9162012749836381E-008   65527605.000000015        1.0057723029095135E+025
    22	   7.8147075093975247E-008   130776750.00000003        2.6034529751838037E+025
    23	   1.5591047587357562E-007   260956800.00000003        6.6745212295669367E+025
    24	   1.9630098322512216E-007   328582800.00000006        8.7359754804471633E+025
    25	   3.1110055304882787E-007   520819650.00000000        1.6286239371743395E+026
    26	   4.9302981672627266E-007   825534450.00000012        3.0283642442041210E+026
    27	   6.2060690237111159E-007   1039252500.0000001        4.1280925264981857E+026
    28	   7.8147063332729251E-007   1308762000.0000002        5.0347605771801593E+026
    29	   9.8386325048803763E-007   1647886500.0000002        6.8584647280195687E+026
    30	   1.5588586382529051E-006   2611557000.0000000        1.2716948960077986E+027
    31	   2.4711860384307918E-006   4141098000.0000005        2.3555135851412372E+027
    32	   3.9162242336707823E-006   6564694500.0000010        4.3610161207487002E+027
    33	   4.9304696406206266E-006   8266284000.0000010        5.6605974946560237E+027
    34	   6.2034802274921968E-006   10402470000.000002        7.7002430897430327E+027
    35	   7.8150770439849331E-006   13107510000.000002        1.0477629032851432E+028
    36	   9.8349447804701032E-006   16498755000.000004        1.4246593776656387E+028
    37	   1.2387160832365905E-005   20785050000.000000        1.9375739355958011E+028
    38	   1.5589831229875203E-005   26165295000.000004        2.5024538725348852E+028
    39	   1.9625982018298374E-005   32947785000.000004        3.4032228605842661E+028
    40	   2.4707841831148230E-005   41490540000.000008        4.6268314581627568E+028
    41	   3.1106789859071618E-005   52251030000.000008        5.9476852094421539E+028
    42	   3.9164679778603789E-005   65806065000.000008        8.0870785908620754E+028
    43	   4.9299288268550168E-005   82861740000.000000        1.0997461582414362E+029
    44	   6.2045973835355542E-005   104323050000.00002        1.4946437116250218E+029
    45	   7.8163403631241932E-005   131472900000.00002        2.0324952161384132E+029
    46	   9.8345042999294522E-005   165484800000.00003        2.5964813557089223E+029
    47	   1.0896377563865096E-004   183385800000.00003        2.8912557278647927E+029
    48	   1.2382691339674033E-004   208447200000.00003        3.2891743163541599E+029
    49	   1.5589966626092144E-004   262548000000.00003        4.4720257539256529E+029
    50	   1.9626386500366536E-004   330671250000.00006        5.8146881609982670E+029
    51	   2.4708887232456492E-004   416496600000.00006        7.8161002897663569E+029
    52	   2.5362413740475661E-004   427535550000.00006        7.8232085466028144E+029
    53	   2.6310312749197595E-004   443547000000.00006        7.8881192966173935E+029
    54	   3.0831678575401014E-004   519924600000.00006        8.3500337766966934E+029
    55	   3.8966752823746582E-004   657364500000.00012        9.0958183010352570E+029
    56	   4.6936005586650000E-004   792019800000.00012        9.8287321432663468E+029
    57	   5.7317151355341836E-004   967449600000.00012        1.0827461322911493E+030
    58	   7.0450724860156310E-004   1189422000000.0002        1.2177095349458989E+030
    59	   8.6629958510401727E-004   1462909500000.0002        1.3986677501874921E+030
    60	   3.9695159300589681E-003   6714267300000.0010        6.5749522027077367E+030
    61	   7.9390210741562359E-003   13440269700000.002        1.7541130877221994E+031
    62	   1.1907980913875564E-002   20172438000000.004        3.1322234984324776E+031
    63	   1.5878660791956222E-002   26913159000000.004        4.7578621523957788E+031
    64	   1.9847640721808429E-002   33655869000000.004        6.6185695142941730E+031
    65	   2.3817536706531747E-002   40404546000000.000        8.7095190783373586E+031
    66	   2.7786192534878310E-002   47155212000000.008        1.1030353325577903E+032
    67	   3.1756076966005221E-002   53911845000000.008        1.3581787293910672E+032
    68	   3.5726116471760938E-002   60672456000000.008        1.6366502375441385E+032
    69	   3.9695215515921027E-002   67435056000000.008        1.9388252519118057E+032
    70	   4.3664597421100536E-002   74201634000000.000        2.2648825319677830E+032
    71	   4.7634305032246430E-002   80972190000000.016        2.6154298599227019E+032
    72	   5.1603206096732072E-002   87744735000000.016        2.9906459952502769E+032
    73	   5.5572492294849118E-002   94521258000000.000        3.3914247353190829E+032
    74	   5.9542183191063976E-002   101301759000000.02        3.8177660801291191E+032
    75	   6.3512294201944583E-002   108086238000000.02        4.2703850675752457E+032
    76	   6.7481673173499276E-002   114872706000000.02        4.7496392166048936E+032
    77	   7.1451491800205783E-002   121663152000000.00        5.2562435651129197E+032
    78	   7.5420593033185296E-002   128455587000000.02        5.7903768725730415E+032
    79	   7.9390142485201834E-002   135252000000000.02        6.3529329363538316E+032
    80	   9.1772702867892533E-002   156512146500000.00        1.3762124704192643E+033
    81	  0.10473894339363225        178893945000000.00        2.1118395003953997E+033
    82	  0.11770543392279531        201391619000000.00        3.0611338665165390E+033
    83	  0.13067930560307442        224031909000000.00        4.2358556036304975E+033
    84	  0.14364400616694650        246796988000000.00        5.6146956567678012E+033
    85	  0.15661437697479977        269722510000000.03        7.2373882036158863E+033
    86	  0.16958409525439616        292808475000000.00        9.1287671052293977E+033
    87	  0.18255669759957288        316072710000000.00        1.1312704911912477E+034
    88	  0.19552567977264457        339515215000000.00        1.3810831115551432E+034
    89	  0.20849444171302856        363153817000000.00        1.6645095644949402E+034
    90	  0.22145658558661965        386988516000000.00        1.9836647336617434E+034
    91	  0.23443468512025981        411072793000000.00        2.3407916774733931E+034
    92	  0.24740314496435176        435370994000000.00        2.7376527989724752E+034
    93	  0.26036538092373895        459900946000000.06        3.1766513750352468E+034
    94	  0.27333401642164407        484698303000000.00        3.6597100271627127E+034
    95	  0.28630292856459238        509763065000000.00        4.1884309399390441E+034
    96	  0.29927537587470460        535113059000000.00        4.7648969533236615E+034
    97	  0.31224553734571625        560748285000000.00        5.3907102519007371E+034
    98	  0.32521682337965152        586686570000000.00        6.0673128017960240E+034
    99	  0.33818383904258348        612927914000000.00        6.7961465691352763E+034
   100	  0.35115022356281572        639490144000000.00        7.5783330831274111E+034
   101	  0.36411962571244372        666391087000000.00        8.4151540914397683E+034
   102	  0.37708722260459621        693630743000000.00        9.3074106863644291E+034
   103	  0.39005692941636305        721226939000000.00        1.0255903960193484E+035
   104	  0.40303269745100040        749197502000000.00        1.1261114568302183E+035
   105	  0.41600220430490492        777524605000000.00        1.2323362947607357E+035
   106	  0.42896988875292780        806226075000000.00        1.3443289971942677E+035
   107	  0.44194020469485612        835319739000000.00        1.4620735422849723E+035
   108	  0.45490980584355056        864805597000000.00        1.5855699300328498E+035
   109	  0.46787566302737760        894683649000000.00        1.7148181604379001E+035
   110	  0.48084262676209732        924971722000000.00        1.8498823208834903E+035
   111	  0.49381559344854431        955687643000000.00        1.9905541273736773E+035
   112	  0.50678457877033400        986813584999999.88        2.1369937983668795E+035
   113	  0.51975476831509393        1018367375000000.0        2.2890411154046790E+035
   114	  0.53272411540207210        1050349013000000.1        2.4466960784870759E+035
   115	  0.54569075172475390        1082758499000000.0        2.6099586876140705E+035
   116	  0.55866009059099675        1115613659999999.9        2.7786687243272451E+035
   117	  0.57163054825726090        1148914496000000.0        2.9528261886266003E+035
   118	  0.58460067102453295        1182661007000000.0        3.1324310805121354E+035
   119	  0.59756912453880084        1216853193000000.0        3.3174833999838513E+035
   120	  0.61054142770225805        1251508881000000.0        3.5078229285833303E+035
   121	  0.62350983505448954        1286610244000000.0        3.7034496663105733E+035
   122	  0.63648001134554089        1322175109000000.0        3.9042033947071620E+035
   123	  0.64944460952231586        1358185649000000.0        4.1102443322315135E+035
   124	  0.66241560261556243        1394677518000000.0        4.3214122604252130E+035
   125	  0.67538583839536348        1431632889000000.0        4.5377071792882568E+035
   126	  0.68835469606878608        1469051762000000.0        4.7589688703622301E+035
   127	  0.70132166030894361        1506934137000000.0        4.9851973336471329E+035
   128	  0.71429222729945496        1545297841000000.0        5.2165527876013815E+035
   129	  0.72726581106861254        1584142874000000.0        5.4527147953081426E+035
   130	  0.74023020732255917        1623433582000000.0        5.6936833567674161E+035
   131	  0.75320261972747427        1663223446000000.0        5.9397789088960370E+035
   132	  0.76617098732172029        1703476812000000.0        6.1905207963187503E+035
   133	  0.77914081252483258        1744211507000000.0        6.4460692374939762E+035
   134	  0.79209492684380522        1785374050000000.0        6.7064242324217160E+035
   135	  0.80507226359799922        1827089230000000.3        6.9714255626435498E+035
   136	  0.81806658006459065        1869339219999999.8        7.2412334466178954E+035
   137	  0.83102306136821535        1911945750000000.0        7.5156876658863357E+035
   138	  0.84399598245438867        1955087090000000.0        7.7947882204488738E+035
   139	  0.85693179917690665        1998584969999999.8        8.0785351103055036E+035
   140	  0.86993607017847774        2042795930000000.3        8.3667681169978141E+035
   141	  0.88290346697651956        2087363430000000.3        8.6596474589842164E+035
   142	  0.89588594517404685        2132465740000000.0        8.9571731362647150E+035
   143	  0.90883231061705172        2177924590000000.0        9.2591849303808927E+035
   144	  0.92179345469141738        2223918250000000.0        9.5658430597911637E+035
   145	  0.93476900553482256        2270446720000000.0        9.8768270875786970E+035
   146	  0.94775860850052474        2317510000000000.0        1.0192457450660325E+036
   147	  0.96071318647760107        2364929820000000.0        1.0512573930577631E+036
   148	  0.97368163139887942        2412884450000000.0        1.0837016308872196E+036
   149	  0.98666364456023525        2461373890000000.0        1.1165944804002441E+036
   150	  0.99961165105181438        2510219870000000.0        1.1499359415968365E+036
   151	   1.0125730870015370        2559600660000000.0        1.1837099926311547E+036
   152	   1.0255476718132115        2609516260000000.0        1.2179326553490411E+036
   153	   1.0385351342177993        2659966670000000.0        1.2525879079046532E+036
   154	   1.0514897863501251        2710773620000000.0        1.2876757502979916E+036
   155	   1.0644572545932549        2762115380000000.0        1.3232122043748978E+036
   156	   1.0774372816164337        2813991950000000.0        1.3591812482895302E+036
   157	   1.0903854541129274        2866225060000000.0        1.3955828820418883E+036
   158	   1.1033899368587394        2919171250000000.0        1.4324171056319724E+036
   159	   1.1163629174395509        2972473980000000.0        1.4696999409056246E+036
   160	   1.1293049728585718        3026133250000000.0        1.5073993441711614E+036
   161	   1.1423019126541947        3080505600000000.0        1.5455313372744241E+036
   162	   1.1552683284655170        3135234490000000.0        1.5840798983695710E+036
   163	   1.1682048566157817        3190319920000000.0        1.6230129837649190E+036
   164	   1.1811950260799005        3246118430000000.0        1.6624267245355181E+036
   165	   1.1941554962643530        3302273480000000.0        1.7023211206813687E+036
   166	   1.2071276607207280        3358963340000000.0        1.7425359537440534E+036
   167	   1.2201114178041041        3416188010000000.0        1.7832314421819892E+036
   168	   1.2330663433621818        3473769220000000.0        1.8244075859951762E+036
   169	   1.2460327785859233        3531885240000000.0        1.8659041667251973E+036
   170	   1.2590106233149729        3590536070000000.0        1.9078814028304694E+036
   171	   1.2719604516743119        3649543440000000.0        1.9503392943109928E+036
   172	   1.2849074065009967        3709264000000000.0        1.9931176227083508E+036
