     1	   4.7299999999999999E-015   7.8609999999999998        1010000000.0000000     
     2	   4.7600000000000000E-015   7.9000000000000004        10100000000.000000     
     3	   4.9099999999999997E-015   8.1500000000000004        101000000000.00000     
     4	   6.9900000000000004E-015   11.600000000000000        1210000000000.0000     
     5	   9.9000000000000007E-015   16.399999999999999        14000000000000.000     
     6	   2.7200000000000000E-014   48.509999999999998        170000000000000.00     
     7	   1.2699999999999999E-013   212.00000000000000        5820000000000000.0     
     8	   6.9299999999999998E-013   1150.0000000000000        1.9000000000000000E+017
     9	   6.2949999999999993E-012   10440.000000000000        9.7440000000000000E+018
    10	   1.5809999999999998E-011   26220.000000000000        4.9680000000000000E+019
    11	   3.9720000000000000E-011   65870.000000000000        2.4310000000000000E+020
    12	   9.9760000000000000E-011   165400.00000000000        1.1510000000000000E+021
    13	   2.5059999999999999E-010   415600.00000000000        5.2659999999999995E+021
    14	   6.2939999999999992E-010   1044000.0000000000        2.3180000000000001E+022
    15	   1.5809999999999998E-009   2622000.0000000000        9.7549999999999992E+022
    16	   3.9719999999999999E-009   6588000.0000000000        3.9109999999999998E+023
    17	   4.9999999999999993E-009   8293000.0000000000        5.2500000000000003E+023
    18	   9.9759999999999995E-009   16550000.000000000        1.4350000000000001E+024
    19	   1.9900000000000000E-008   33020000.000000000        3.8329999999999998E+024
    20	   3.9720000000000001E-008   65890000.000000000        1.0060000000000000E+025
    21	   7.9239999999999987E-008   131500000.00000000        2.6039999999999999E+025
    22	   1.5809999999999999E-007   262400000.00000000        6.6759999999999998E+025
    23	   1.9900000000000000E-007   330400000.00000000        8.7379999999999999E+025
    24	   3.1549999999999999E-007   523700000.00000000        1.6289999999999999E+026
    25	   4.9999999999999998E-007   830100000.00000000        3.0390000000000002E+026
    26	   6.2939999999999996E-007   1045000000.0000000        4.1289999999999999E+026
    27	   7.9240000000000003E-007   1316000000.0000000        5.0360000000000003E+026
    28	   9.9759999999999999E-007   1657000000.0000000        6.8599999999999998E+026
    29	   1.5810000000000000E-006   2626000000.0000000        1.2720000000000000E+027
    30	   2.5059999999999998E-006   4164000000.0000000        2.3560000000000001E+027
    31	   3.9720000000000003E-006   6601000000.0000000        4.3620000000000000E+027
    32	   4.9999999999999996E-006   8312000000.0000000        5.6620000000000003E+027
    33	   6.2939999999999994E-006   10460000000.000000        7.7019999999999997E+027
    34	   7.9239999999999990E-006   13180000000.000000        1.0480000000000000E+028
    35	   9.9759999999999990E-006   16590000000.000000        1.4250000000000001E+028
    36	   1.2559999999999998E-005   20900000000.000000        1.9380000000000001E+028
    37	   1.5809999999999999E-005   26310000000.000000        2.5029999999999998E+028
    38	   1.9899999999999999E-005   33130000000.000000        3.4039999999999999E+028
    39	   2.5059999999999997E-005   41720000000.000000        4.6280000000000001E+028
    40	   3.1550000000000001E-005   52540000000.000000        5.9490000000000003E+028
    41	   3.9719999999999999E-005   66170000000.000000        8.0889999999999994E+028
    42	   4.9999999999999996E-005   83320000000.000000        1.1000000000000001E+029
    43	   6.2939999999999990E-005   104900000000.00000        1.4950000000000000E+029
    44	   7.9239999999999993E-005   132200000000.00000        2.0330000000000001E+029
    45	   9.9759999999999994E-005   166400000000.00000        2.5970000000000001E+029
    46	   1.1049999999999999E-004   184400000000.00000        2.8920000000000000E+029
    47	   1.2559999999999999E-004   209600000000.00000        3.2899999999999998E+029
    48	   1.5809999999999999E-004   264000000000.00000        4.4729999999999998E+029
    49	   1.9900000000000001E-004   332500000000.00000        5.8159999999999997E+029
    50	   2.5059999999999997E-004   418800000000.00000        7.5379999999999997E+029
    51	   2.5720000000000002E-004   429900000000.00000        7.8050000000000001E+029
    52	   3.9999999999999996E-004   668957000000.00000        8.9372999999999994E+029
    53	   5.7959999999999999E-004   969718000000.00000        1.0450600000000000E+030
    54	   7.5920000000000002E-004   1270530000000.0000        1.1952299999999999E+030
    55	   9.3879999999999994E-004   1571380000000.0000        1.3471700000000000E+030
    56	   1.1183999999999999E-003   1872250000000.0000        1.5008700000000000E+030
    57	   1.2979999999999999E-003   2173160000000.0000        1.6558299999999999E+030
    58	   1.4775999999999999E-003   2474090000000.0000        1.8114999999999999E+030
    59	   1.6571999999999999E-003   2775040000000.0000        1.9674100000000001E+030
    60	   1.8367999999999998E-003   3076000000000.0000        2.1231500000000001E+030
    61	   2.0163999999999998E-003   3376990000000.0000        2.2783699999999999E+030
    62	   2.1959999999999996E-003   3677990000000.0000        2.4328000000000001E+030
    63	   2.3755999999999998E-003   3979000000000.0000        2.5862200000000001E+030
    64	   2.5551999999999997E-003   4280020000000.0000        2.7384700000000001E+030
    65	   2.7347999999999999E-003   4581060000000.0000        2.8894100000000002E+030
    66	   2.9143999999999997E-003   4882110000000.0000        3.0389399999999999E+030
    67	   3.0939999999999995E-003   5183160000000.0000        3.1869899999999999E+030
    68	   3.2735999999999998E-003   5484230000000.0000        3.3335300000000000E+030
    69	   3.4532000000000000E-003   5785300000000.0000        3.4785199999999999E+030
    70	   3.6327999999999998E-003   6086390000000.0000        3.6219799999999999E+030
    71	   3.8123999999999996E-003   6387480000000.0000        3.7639000000000002E+030
    72	   3.9919999999999999E-003   6688570000000.0000        3.9043300000000001E+030
    73	   4.1716000000000001E-003   6989680000000.0000        4.0432900000000002E+030
    74	   4.3511999999999995E-003   7290790000000.0000        4.1808499999999999E+030
    75	   4.5307999999999998E-003   7591910000000.0000        4.3170499999999998E+030
    76	   4.7104000000000000E-003   7893030000000.0000        4.4519800000000000E+030
    77	   4.8899999999999994E-003   8194160000000.0000        4.5857000000000003E+030
    78	   5.0695999999999996E-003   8495290000000.0000        4.7183100000000001E+030
    79	   5.2491999999999999E-003   8796430000000.0000        4.8498800000000002E+030
    80	   5.4288000000000001E-003   9097580000000.0000        4.9805199999999997E+030
    81	   5.6083999999999995E-003   9398720000000.0000        5.1103200000000000E+030
    82	   5.7879999999999989E-003   9699880000000.0000        5.2393799999999998E+030
    83	   5.9676000000000000E-003   10001000000000.000        5.3678199999999997E+030
    84	   6.1471999999999994E-003   10302200000000.000        5.4957299999999997E+030
    85	   6.3267999999999987E-003   10603400000000.000        5.6232399999999998E+030
    86	   6.5063999999999999E-003   10904500000000.000        5.7504499999999998E+030
    87	   6.6859999999999992E-003   11205700000000.000        5.8774899999999999E+030
    88	   6.8655999999999986E-003   11506900000000.000        6.0044700000000001E+030
    89	   7.0451999999999997E-003   11808100000000.000        6.1315200000000002E+030
    90	   7.2247999999999991E-003   12109300000000.000        6.2587400000000002E+030
    91	   7.4043999999999994E-003   12410400000000.000        6.3862800000000003E+030
    92	   7.5839999999999996E-003   12711600000000.000        6.5142400000000002E+030
    93	   7.7635999999999990E-003   13012800000000.000        6.6427600000000001E+030
    94	   7.9431999999999992E-003   13314000000000.000        6.7719599999999999E+030
    95	   8.1227999999999995E-003   13615200000000.000        6.9019699999999996E+030
    96	   8.3023999999999997E-003   13916400000000.000        7.0329100000000003E+030
    97	   8.4819999999999982E-003   14217600000000.000        7.1649099999999997E+030
    98	   8.6616000000000002E-003   14518900000000.000        7.2981000000000000E+030
    99	   8.8411999999999987E-003   14820100000000.000        7.4326100000000002E+030
   100	   9.0207999999999990E-003   15121300000000.000        7.5685600000000002E+030
   101	   9.2003999999999992E-003   15422500000000.000        7.7060799999999999E+030
   102	   9.3799999999999994E-003   15723700000000.000        7.8453099999999995E+030
   103	   9.5595999999999997E-003   16025000000000.000        7.9863499999999998E+030
   104	   9.7391999999999999E-003   16326200000000.000        8.1293599999999999E+030
   105	   9.9187999999999985E-003   16627400000000.000        8.2744399999999997E+030
   106	   1.0098400000000000E-002   16928600000000.000        8.4217400000000004E+030
   107	   1.0277999999999999E-002   17229900000000.000        8.5713699999999995E+030
   108	   1.0457599999999999E-002   17531100000000.000        8.7234599999999995E+030
   109	   1.0637199999999999E-002   17832400000000.000        8.8781400000000002E+030
   110	   1.0816800000000000E-002   18133600000000.000        9.0355400000000005E+030
   111	   1.0996399999999998E-002   18434900000000.000        9.1957800000000004E+030
   112	   1.1175999999999998E-002   18736100000000.000        9.3589899999999999E+030
   113	   1.1355599999999999E-002   19037400000000.000        9.5252800000000001E+030
   114	   1.1535200000000001E-002   19338600000000.000        9.6947899999999999E+030
   115	   1.1714799999999999E-002   19639900000000.000        9.8676400000000003E+030
   116	   1.1894399999999999E-002   19941200000000.000        1.0044000000000000E+031
   117	   1.2074000000000000E-002   20242400000000.000        1.0223800000000000E+031
   118	   1.2253599999999998E-002   20543700000000.000        1.0407500000000001E+031
   119	   1.2433199999999998E-002   20845000000000.000        1.0594899999999999E+031
   120	   1.2612800000000000E-002   21146300000000.000        1.0786299999999999E+031
   121	   1.2792399999999999E-002   21447500000000.000        1.0981700000000001E+031
   122	   1.2971999999999999E-002   21748800000000.000        1.1181400000000000E+031
   123	   1.3151599999999999E-002   22050100000000.000        1.1385300000000000E+031
   124	   1.3331199999999998E-002   22351400000000.000        1.1593700000000000E+031
   125	   1.3510800000000000E-002   22652700000000.000        1.1806599999999999E+031
   126	   1.3690400000000000E-002   22954000000000.000        1.2024300000000000E+031
   127	   1.3869999999999999E-002   23255300000000.000        1.2246600000000000E+031
   128	   1.4049599999999999E-002   23556600000000.000        1.2473900000000000E+031
   129	   1.4229199999999999E-002   23857900000000.000        1.2706200000000001E+031
   130	   1.4408799999999998E-002   24159200000000.000        1.2943699999999999E+031
   131	   1.4588400000000000E-002   24460500000000.000        1.3186300000000001E+031
   132	   1.4768000000000000E-002   24761800000000.000        1.3434400000000000E+031
   133	   1.4947599999999998E-002   25063100000000.000        1.3687900000000000E+031
   134	   1.5127199999999999E-002   25364500000000.000        1.3946999999999999E+031
   135	   1.5306799999999999E-002   25665800000000.000        1.4211800000000000E+031
   136	   1.5486399999999997E-002   25967100000000.000        1.4482400000000000E+031
   137	   1.5665999999999999E-002   26268500000000.000        1.4758900000000000E+031
   138	   1.5845599999999998E-002   26569800000000.000        1.5041500000000000E+031
   139	   1.6025200000000000E-002   26871100000000.000        1.5330200000000000E+031
   140	   1.6204799999999998E-002   27172500000000.000        1.5625099999999999E+031
   141	   1.6384399999999997E-002   27473800000000.000        1.5926399999999999E+031
   142	   1.6563999999999999E-002   27775200000000.000        1.6234200000000001E+031
   143	   1.6743600000000001E-002   28076500000000.000        1.6548600000000000E+031
   144	   1.6923199999999999E-002   28377900000000.000        1.6869599999999999E+031
   145	   1.7102799999999998E-002   28679300000000.000        1.7197500000000000E+031
   146	   1.7282400000000000E-002   28980600000000.000        1.7532200000000000E+031
   147	   1.7461999999999998E-002   29282000000000.000        1.7873900000000000E+031
   148	   1.7641599999999997E-002   29583400000000.000        1.8222700000000000E+031
   149	   1.7821199999999999E-002   29884700000000.000        1.8578699999999999E+031
   150	   1.8000800000000001E-002   30186100000000.000        1.8942100000000000E+031
   151	   1.8180399999999999E-002   30487500000000.000        1.9312799999999999E+031
   152	   1.8359999999999998E-002   30788900000000.000        1.9691100000000000E+031
   153	   1.8539599999999996E-002   31090300000000.000        2.0076900000000000E+031
   154	   1.8719199999999998E-002   31391700000000.000        2.0470499999999998E+031
   155	   1.8898800000000000E-002   31693100000000.000        2.0871900000000000E+031
   156	   1.9078399999999999E-002   31994500000000.000        2.1281199999999999E+031
   157	   1.9257999999999997E-002   32295900000000.000        2.1698500000000001E+031
   158	   1.9437599999999999E-002   32597400000000.000        2.2123899999999999E+031
   159	   1.9617199999999998E-002   32898800000000.000        2.2557599999999999E+031
   160	   1.9796799999999996E-002   33200200000000.000        2.2999500000000002E+031
   161	   1.9976399999999998E-002   33501600000000.000        2.3449799999999999E+031
   162	   2.0156000000000000E-002   33803100000000.000        2.3908600000000002E+031
   163	   2.0335599999999999E-002   34104500000000.000        2.4376100000000001E+031
   164	   2.0515199999999997E-002   34406000000000.000        2.4852100000000002E+031
   165	   2.0694799999999999E-002   34707400000000.000        2.5336999999999999E+031
   166	   2.0874399999999998E-002   35008900000000.000        2.5830699999999999E+031
   167	   2.1054000000000000E-002   35310300000000.000        2.6333399999999998E+031
   168	   2.1233599999999998E-002   35611800000000.000        2.6845100000000000E+031
   169	   2.1413199999999997E-002   35913200000000.000        2.7366000000000001E+031
   170	   2.1592799999999999E-002   36214700000000.000        2.7896100000000001E+031
   171	   2.1772399999999997E-002   36516200000000.000        2.8435599999999999E+031
   172	   2.1951999999999996E-002   36817700000000.000        2.8984399999999998E+031
   173	   2.2131599999999998E-002   37119200000000.000        2.9542699999999998E+031
   174	   2.2311199999999996E-002   37420700000000.000        3.0110600000000001E+031
   175	   2.2490800000000002E-002   37722200000000.000        3.0688200000000001E+031
   176	   2.2670400000000000E-002   38023700000000.000        3.1275599999999999E+031
   177	   2.2849999999999999E-002   38325200000000.000        3.1872800000000001E+031
   178	   2.3029600000000001E-002   38626700000000.000        3.2479899999999998E+031
   179	   2.3209199999999999E-002   38928200000000.000        3.3096999999999999E+031
   180	   2.3388799999999998E-002   39229800000000.000        3.3724299999999998E+031
   181	   2.3568400000000000E-002   39531300000000.000        3.4361699999999999E+031
   182	   2.3747999999999998E-002   39832800000000.000        3.5009300000000002E+031
   183	   2.3927599999999997E-002   40134400000000.000        3.5667299999999999E+031
   184	   2.4107199999999995E-002   40435900000000.000        3.6335800000000002E+031
   185	   2.4286799999999997E-002   40737500000000.000        3.7014699999999998E+031
   186	   2.4466399999999996E-002   41039000000000.000        3.7704300000000000E+031
   187	   2.4646000000000001E-002   41340600000000.000        3.8404399999999998E+031
   188	   2.4825600000000000E-002   41642200000000.000        3.9115400000000002E+031
   189	   2.5005199999999998E-002   41943700000000.000        3.9837100000000001E+031
   190	   2.5184800000000000E-002   42245300000000.000        4.0569800000000004E+031
   191	   2.5364399999999999E-002   42546900000000.000        4.1313399999999998E+031
   192	   2.5543999999999997E-002   42848500000000.000        4.2068100000000002E+031
   193	   2.5723599999999999E-002   43150100000000.000        4.2833899999999998E+031
   194	   2.5903199999999998E-002   43451700000000.000        4.3610900000000001E+031
   195	   2.6082799999999996E-002   43753300000000.000        4.4399200000000000E+031
   196	   2.6262399999999998E-002   44055000000000.000        4.5198800000000004E+031
   197	   2.6441999999999997E-002   44356600000000.000        4.6009800000000002E+031
   198	   2.6621599999999995E-002   44658200000000.000        4.6832399999999999E+031
   199	   2.6801200000000001E-002   44959800000000.000        4.7666499999999996E+031
   200	   2.6980799999999999E-002   45261500000000.000        4.8512200000000001E+031
   201	   2.7160399999999998E-002   45563100000000.000        4.9369600000000001E+031
   202	   2.7340000000000000E-002   45864800000000.000        5.0238900000000003E+031
   203	   2.7519599999999998E-002   46166500000000.000        5.1119900000000000E+031
   204	   2.7699199999999997E-002   46468100000000.000        5.2012899999999996E+031
   205	   2.7878799999999999E-002   46769800000000.000        5.2917800000000001E+031
   206	   2.8058399999999997E-002   47071500000000.000        5.3834800000000002E+031
   207	   2.8237999999999996E-002   47373200000000.000        5.4763999999999997E+031
   208	   2.8417599999999998E-002   47674900000000.000        5.5705299999999998E+031
   209	   2.8597199999999996E-002   47976600000000.000        5.6658800000000001E+031
   210	   2.8776799999999995E-002   48278300000000.000        5.7624700000000002E+031
   211	   2.8956400000000000E-002   48580000000000.000        5.8602900000000003E+031
   212	   2.9135999999999999E-002   48881700000000.000        5.9593600000000001E+031
   213	   2.9315600000000001E-002   49183500000000.000        6.0596800000000004E+031
   214	   2.9495199999999999E-002   49485200000000.000        6.1612500000000002E+031
   215	   2.9674799999999998E-002   49787000000000.000        6.2640900000000002E+031
   216	   2.9854399999999996E-002   50088700000000.000        6.3682000000000001E+031
   217	   3.0033999999999998E-002   50390500000000.000        6.4735800000000001E+031
   218	   3.0213599999999997E-002   50692200000000.000        6.5802399999999999E+031
   219	   3.0393199999999995E-002   50994000000000.000        6.6882000000000000E+031
   220	   3.0572799999999997E-002   51295800000000.000        6.7974399999999999E+031
   221	   3.0752399999999996E-002   51597600000000.000        6.9079899999999999E+031
   222	   3.0932000000000001E-002   51899400000000.000        7.0198400000000001E+031
   223	   3.1111600000000000E-002   52201200000000.000        7.1330000000000004E+031
   224	   3.1291199999999998E-002   52503000000000.000        7.2474800000000004E+031
   225	   3.1470800000000000E-002   52804800000000.000        7.3632900000000001E+031
   226	   3.1650399999999995E-002   53106600000000.000        7.4804199999999996E+031
   227	   3.1829999999999997E-002   53408500000000.000        7.5988900000000002E+031
   228	   3.2009599999999999E-002   53710300000000.000        7.7187000000000002E+031
   229	   3.2189199999999994E-002   54012200000000.000        7.8398600000000002E+031
   230	   3.2368799999999996E-002   54314000000000.000        7.9623700000000003E+031
   231	   3.2548399999999998E-002   54615900000000.000        8.0862400000000002E+031
   232	   3.2727999999999993E-002   54917800000000.000        8.2114799999999996E+031
   233	   3.2907599999999995E-002   55219600000000.000        8.3380800000000007E+031
   234	   3.3087199999999997E-002   55521500000000.000        8.4660599999999993E+031
   235	   3.3266799999999999E-002   55823400000000.000        8.5954300000000006E+031
   236	   3.3446400000000001E-002   56125300000000.000        8.7261799999999995E+031
   237	   3.3625999999999996E-002   56427200000000.000        8.8583199999999994E+031
   238	   3.3805599999999998E-002   56729100000000.000        8.9918699999999997E+031
   239	   3.3985200000000000E-002   57031100000000.000        9.1268200000000007E+031
   240	   3.4164799999999995E-002   57333000000000.000        9.2631900000000002E+031
   241	   3.4344399999999997E-002   57635000000000.000        9.4009700000000001E+031
   242	   3.4523999999999999E-002   57936900000000.000        9.5401800000000001E+031
   243	   3.4703599999999994E-002   58238900000000.000        9.6808200000000001E+031
   244	   3.4883199999999996E-002   58540800000000.000        9.8228900000000001E+031
   245	   3.5062799999999998E-002   58842800000000.000        9.9664099999999996E+031
   246	   3.5242400000000000E-002   59144800000000.000        1.0111400000000000E+032
   247	   3.5422000000000002E-002   59446800000000.000        1.0257799999999999E+032
   248	   3.5601599999999997E-002   59748800000000.000        1.0405700000000001E+032
   249	   3.5781199999999999E-002   60050800000000.000        1.0555000000000001E+032
   250	   3.5960800000000001E-002   60352800000000.000        1.0705900000000001E+032
   251	   3.6140399999999996E-002   60654800000000.000        1.0858199999999999E+032
   252	   3.6319999999999998E-002   60956900000000.000        1.1012000000000000E+032
   253	   3.6499600000000000E-002   61258900000000.000        1.1167299999999999E+032
   254	   3.6679199999999995E-002   61561000000000.000        1.1324100000000001E+032
   255	   3.6858799999999997E-002   61863000000000.000        1.1482400000000000E+032
   256	   3.7038399999999992E-002   62165100000000.000        1.1642200000000000E+032
   257	   3.7218000000000001E-002   62467200000000.000        1.1803600000000000E+032
   258	   3.7397599999999996E-002   62769300000000.000        1.1966400000000001E+032
   259	   3.7577199999999998E-002   63071400000000.000        1.2130900000000000E+032
   260	   3.7756800000000000E-002   63373500000000.000        1.2296799999999999E+032
   261	   3.7936399999999995E-002   63675600000000.000        1.2464400000000001E+032
   262	   3.8115999999999997E-002   63977700000000.000        1.2633399999999999E+032
   263	   3.8295599999999999E-002   64279800000000.000        1.2804099999999999E+032
   264	   3.8475199999999994E-002   64582000000000.000        1.2976299999999999E+032
   265	   3.8654799999999996E-002   64884100000000.000        1.3150200000000000E+032
   266	   3.8834399999999998E-002   65186300000000.000        1.3325600000000000E+032
   267	   3.9013999999999993E-002   65488500000000.000        1.3502599999999999E+032
   268	   3.9193599999999995E-002   65790600000000.000        1.3681200000000000E+032
   269	   3.9373199999999997E-002   66092800000000.000        1.3861500000000001E+032
   270	   3.9552799999999999E-002   66395000000000.000        1.4043299999999999E+032
   271	   3.9732400000000001E-002   66697200000000.000        1.4226800000000001E+032
   272	   3.9911999999999996E-002   66999400000000.000        1.4412000000000000E+032
   273	   4.0091599999999998E-002   67301700000000.000        1.4598800000000001E+032
   274	   4.0271200000000000E-002   67603900000000.000        1.4787199999999999E+032
   275	   4.0450799999999995E-002   67906100000000.000        1.4977300000000001E+032
   276	   4.0630399999999997E-002   68208400000000.000        1.5169100000000000E+032
   277	   4.0809999999999999E-002   68510600000000.000        1.5362600000000000E+032
   278	   4.0989599999999994E-002   68812900000000.000        1.5557800000000000E+032
   279	   4.1169199999999996E-002   69115200000000.000        1.5754600000000001E+032
   280	   4.1348799999999998E-002   69417500000000.000        1.5953200000000001E+032
   281	   4.1528400000000000E-002   69719800000000.000        1.6153400000000000E+032
   282	   4.1708000000000002E-002   70022100000000.000        1.6355399999999999E+032
   283	   4.1887599999999997E-002   70324400000000.000        1.6559099999999998E+032
   284	   4.2067199999999999E-002   70626700000000.000        1.6764600000000001E+032
   285	   4.2246799999999994E-002   70929100000000.000        1.6971800000000000E+032
   286	   4.2426399999999996E-002   71231400000000.000        1.7180700000000001E+032
   287	   4.2605999999999998E-002   71533800000000.000        1.7391400000000000E+032
   288	   4.2785599999999993E-002   71836200000000.000        1.7603800000000001E+032
   289	   4.2965199999999995E-002   72138500000000.000        1.7818099999999998E+032
   290	   4.3144799999999997E-002   72440900000000.000        1.8033999999999999E+032
   291	   4.3324399999999992E-002   72743300000000.000        1.8251800000000000E+032
   292	   4.3503999999999994E-002   73045700000000.000        1.8471400000000000E+032
   293	   4.3683599999999996E-002   73348200000000.000        1.8692700000000000E+032
   294	   4.3863199999999991E-002   73650600000000.000        1.8894100000000002E+032
   295	   4.4042799999999993E-002   73953100000000.000        1.9119800000000000E+032
   296	   4.4222399999999995E-002   74255500000000.000        1.9347300000000001E+032
   297	   4.4401999999999990E-002   74558000000000.000        1.9576600000000000E+032
   298	   4.4581599999999992E-002   74860500000000.000        1.9807699999999999E+032
   299	   4.4761200000000001E-002   75162900000000.000        2.0040600000000000E+032
   300	   4.4940800000000003E-002   75465400000000.000        2.0275300000000000E+032
   301	   4.5120399999999998E-002   75767900000000.000        2.0511900000000000E+032
   302	   4.5300000000000000E-002   76070400000000.000        2.0750299999999998E+032
   303	   4.5479600000000002E-002   76373000000000.000        2.0990600000000001E+032
   304	   4.5659199999999997E-002   76675500000000.000        2.1232600000000001E+032
   305	   4.5838799999999999E-002   76978000000000.000        2.1476599999999999E+032
   306	   4.6018400000000001E-002   77280600000000.000        2.1722299999999998E+032
   307	   4.6197999999999996E-002   77583200000000.000        2.1969999999999999E+032
   308	   4.6377599999999998E-002   77885700000000.000        2.2219499999999998E+032
   309	   4.6557200000000000E-002   78188300000000.000        2.2470800000000000E+032
   310	   4.6736799999999995E-002   78490900000000.000        2.2723999999999999E+032
   311	   4.6916399999999997E-002   78793500000000.000        2.2979100000000001E+032
   312	   4.7095999999999999E-002   79096100000000.000        2.3235999999999999E+032
   313	   4.7275599999999994E-002   79398800000000.000        2.3494900000000001E+032
   314	   4.7455199999999996E-002   79701400000000.000        2.3755599999999999E+032
   315	   4.7634799999999998E-002   80004100000000.000        2.4018200000000001E+032
   316	   4.7814399999999993E-002   80306700000000.000        2.4282600000000002E+032
   317	   4.7993999999999995E-002   80609400000000.000        2.4549000000000000E+032
   318	   4.8173599999999990E-002   80912100000000.000        2.4817299999999999E+032
   319	   4.8353199999999992E-002   81214800000000.000        2.5087400000000000E+032
   320	   4.8532799999999994E-002   81517500000000.000        2.5359499999999999E+032
   321	   4.8712399999999989E-002   81820200000000.000        2.5633400000000000E+032
   322	   4.8891999999999998E-002   82122900000000.000        2.5909300000000000E+032
   323	   4.9071600000000000E-002   82425700000000.000        2.6187099999999999E+032
   324	   4.9251200000000002E-002   82728400000000.000        2.6466700000000001E+032
   325	   4.9430799999999997E-002   83031200000000.000        2.6748300000000001E+032
   326	   4.9610399999999999E-002   83334100000000.000        2.6952699999999999E+032
   327	   4.9790000000000001E-002   83636900000000.000        2.7239399999999999E+032
   328	   4.9969599999999996E-002   83939700000000.000        2.7527900000000001E+032
   329	   5.0149199999999998E-002   84242500000000.000        2.7818400000000001E+032
   330	   5.0328800000000000E-002   84545300000000.000        2.8110899999999999E+032
   331	   5.1867600000000000E-002   87140900000000.000        3.0626400000000002E+032
   332	   5.6867599999999990E-002   95579100000000.000        4.0057299999999997E+032
   333	   6.1867599999999995E-002   104028000000000.00        5.1158400000000000E+032
   334	   6.6867599999999999E-002   112487000000000.00        6.4024199999999997E+032
   335	   7.1867599999999990E-002   120958000000000.00        7.8742900000000001E+032
   336	   7.6867599999999994E-002   129441000000000.00        9.5397100000000006E+032
   337	   8.1867599999999999E-002   137937000000000.00        1.1406500000000000E+033
   338	   8.6867600000000003E-002   146447000000000.00        1.3482000000000001E+033
   339	   9.1867600000000008E-002   154971000000000.00        1.5773400000000001E+033
   340	   9.6867599999999984E-002   163510000000000.00        1.8287300000000000E+033
   341	  0.10186800000000000        172064000000000.00        2.1030400000000001E+033
   342	  0.10686800000000000        180634000000000.00        2.4008799999999999E+033
   343	  0.11186799999999998        189220000000000.00        2.7228700000000002E+033
   344	  0.11686799999999999        197824000000000.00        3.0696100000000001E+033
   345	  0.12186799999999999        206444000000000.00        3.4416700000000002E+033
   346	  0.12686799999999998        215083000000000.00        3.8396200000000000E+033
   347	  0.13186799999999999        223740000000000.00        4.2640300000000001E+033
   348	  0.13686799999999999        232416000000000.00        4.7154299999999997E+033
   349	  0.14186799999999999        241111000000000.00        5.1943800000000004E+033
   350	  0.14686799999999997        249826000000000.00        5.7014100000000002E+033
   351	  0.15186799999999998        258561000000000.00        6.2370399999999995E+033
   352	  0.15686799999999998        267316000000000.00        6.8018099999999998E+033
   353	  0.16186799999999998        276093000000000.00        7.3962300000000000E+033
   354	  0.16686799999999999        284891000000000.00        8.0208300000000002E+033
   355	  0.17186799999999997        293710000000000.00        8.6761100000000001E+033
   356	  0.17686800000000000        302552000000000.00        9.3625799999999997E+033
   357	  0.18186799999999997        311416000000000.00        1.0080799999999999E+034
   358	  0.18686800000000001        320303000000000.00        1.0831199999999999E+034
   359	  0.19186799999999998        329213000000000.00        1.1614199999999999E+034
   360	  0.19686799999999996        338147000000000.00        1.2430600000000001E+034
   361	  0.20186799999999999        347105000000000.00        1.3280600000000000E+034
   362	  0.20686799999999997        356088000000000.00        1.4164799999999999E+034
   363	  0.21186800000000000        365095000000000.00        1.5083699999999999E+034
   364	  0.21686799999999998        374127000000000.00        1.6037900000000001E+034
   365	  0.22186800000000001        383184000000000.00        1.7027700000000001E+034
   366	  0.22686799999999999        392267000000000.00        1.8053700000000001E+034
   367	  0.23186799999999996        401377000000000.00        1.9116299999999999E+034
   368	  0.23686800000000000        410512000000000.00        2.0216099999999999E+034
   369	  0.24186799999999997        419675000000000.00        2.1353599999999998E+034
   370	  0.24686800000000000        428864000000000.00        2.2529100000000002E+034
   371	  0.25186799999999998        438081000000000.00        2.3743200000000001E+034
   372	  0.25686799999999999        447326000000000.00        2.4996499999999999E+034
   373	  0.26186799999999999        456599000000000.00        2.6289200000000002E+034
   374	  0.26686799999999994        465900000000000.00        2.7622000000000001E+034
   375	  0.27186800000000000        475230000000000.00        2.8995299999999998E+034
   376	  0.27686799999999995        484589000000000.00        3.0409599999999999E+034
   377	  0.28186800000000001        493977000000000.00        3.1865300000000001E+034
   378	  0.28686799999999996        503395000000000.00        3.3362899999999999E+034
   379	  0.29186800000000002        512843000000000.00        3.4902800000000001E+034
   380	  0.29686799999999997        522322000000000.00        3.6485599999999999E+034
   381	  0.30186799999999997        531830000000000.00        3.8111700000000001E+034
   382	  0.30686799999999997        541370000000000.00        3.9781600000000002E+034
   383	  0.31186799999999998        550941000000000.00        4.1495600000000002E+034
   384	  0.31686799999999998        560543000000000.00        4.3254299999999996E+034
   385	  0.32186799999999999        570178000000000.00        4.5058200000000004E+034
   386	  0.32686799999999999        579844000000000.00        4.6907600000000002E+034
   387	  0.33186800000000000        589543000000000.00        4.8802999999999997E+034
   388	  0.33686799999999995        599274000000000.00        5.0744899999999996E+034
   389	  0.34186799999999995        609038000000000.00        5.2733700000000004E+034
   390	  0.34686800000000001        618836000000000.00        5.4769900000000001E+034
   391	  0.35186799999999996        628667000000000.00        5.6853799999999998E+034
   392	  0.35686799999999996        638532000000000.00        5.8985999999999996E+034
   393	  0.36186799999999997        648432000000000.00        6.1166899999999999E+034
   394	  0.36686800000000003        658365000000000.00        6.3396900000000004E+034
   395	  0.37186799999999998        668334000000000.00        6.5676399999999997E+034
   396	  0.37686799999999998        678337000000000.00        6.8005800000000002E+034
   397	  0.38186799999999999        688376000000000.00        7.0385700000000001E+034
   398	  0.38686799999999993        698451000000000.00        7.2816400000000005E+034
   399	  0.39186799999999999        708561000000000.00        7.5298400000000003E+034
   400	  0.39686800000000000        718707000000000.00        7.7831999999999999E+034
   401	  0.40186799999999995        728890000000000.00        8.0417700000000000E+034
   402	  0.40686799999999995        739109000000000.00        8.3055900000000002E+034
   403	  0.41186799999999996        749366000000000.00        8.5747100000000003E+034
   404	  0.41686800000000002        759660000000000.00        8.8491599999999996E+034
   405	  0.42186799999999997        769991000000000.00        9.1289900000000008E+034
   406	  0.42686799999999997        780360000000000.00        9.4142299999999996E+034
   407	  0.43186799999999997        790767000000000.00        9.7049299999999995E+034
   408	  0.43686799999999998        801212000000000.00        1.0001100000000000E+035
   409	  0.44186799999999998        811697000000000.00        1.0302900000000000E+035
   410	  0.44686799999999999        822219000000000.00        1.0610200000000001E+035
   411	  0.45186799999999994        832782000000000.00        1.0923100000000000E+035
   412	  0.45686799999999994        843383000000000.00        1.1241700000000001E+035
   413	  0.46186800000000000        854024000000000.00        1.1566000000000000E+035
   414	  0.46686800000000001        864706000000000.00        1.1896100000000001E+035
   415	  0.47186799999999995        875427000000000.00        1.2231900000000000E+035
   416	  0.47686799999999996        886189000000000.00        1.2573500000000000E+035
   417	  0.48186799999999991        896991000000000.00        1.2920999999999999E+035
   418	  0.48686799999999997        907835000000000.00        1.3274400000000000E+035
   419	  0.49186799999999997        918720000000000.00        1.3633700000000000E+035
   420	  0.49686799999999998        929646000000000.00        1.3998999999999999E+035
   421	  0.50186799999999998        940614000000000.00        1.4370300000000000E+035
   422	  0.50686799999999999        951625000000000.00        1.4747600000000001E+035
   423	  0.51186799999999999        962677000000000.00        1.5131100000000000E+035
   424	  0.51686799999999999        973772000000000.00        1.5520600000000000E+035
   425	  0.52186800000000000        984910000000000.00        1.5916399999999999E+035
   426	  0.52686799999999989        996091000000000.00        1.6318300000000001E+035
   427	  0.53186800000000001        1007310000000000.0        1.6726499999999998E+035
   428	  0.53686800000000001        1018580000000000.0        1.7140900000000001E+035
   429	  0.54186800000000002        1029890000000000.0        1.7561700000000001E+035
   430	  0.54686799999999991        1041250000000000.0        1.7988800000000002E+035
   431	  0.55186799999999991        1052650000000000.0        1.8422300000000000E+035
   432	  0.55686800000000003        1064090000000000.0        1.8862199999999998E+035
   433	  0.56186799999999992        1075580000000000.0        1.9308600000000001E+035
   434	  0.56686799999999993        1087120000000000.0        1.9761400000000001E+035
   435	  0.57186799999999993        1098700000000000.0        2.0220800000000000E+035
   436	  0.57686799999999994        1110320000000000.0        2.0686799999999999E+035
   437	  0.58186799999999994        1121990000000000.0        2.1159400000000001E+035
   438	  0.58686799999999995        1133710000000000.0        2.1638600000000000E+035
   439	  0.59186799999999995        1145470000000000.0        2.2124500000000001E+035
   440	  0.59686799999999995        1157280000000000.0        2.2617100000000002E+035
   441	  0.60186799999999996        1169140000000000.0        2.3116400000000001E+035
   442	  0.60686799999999996        1181040000000000.0        2.3622599999999999E+035
   443	  0.61186799999999997        1192990000000000.0        2.4135500000000000E+035
   444	  0.61686799999999997        1204990000000000.0        2.4655299999999999E+035
   445	  0.62186799999999998        1217040000000000.0        2.5181999999999999E+035
   446	  0.62686799999999998        1229130000000000.0        2.5715599999999998E+035
   447	  0.63186799999999999        1241270000000000.0        2.6256099999999999E+035
   448	  0.63686799999999999        1253460000000000.0        2.6803700000000001E+035
   449	  0.64186799999999988        1265700000000000.0        2.7358200000000001E+035
   450	  0.64686799999999989        1277990000000000.0        2.7919800000000001E+035
   451	  0.65186800000000000        1290330000000000.0        2.8488499999999999E+035
   452	  0.65686800000000001        1302720000000000.0        2.9064400000000001E+035
   453	  0.66186799999999990        1315150000000000.0        2.9647400000000000E+035
   454	  0.66686799999999991        1327640000000000.0        3.0237599999999999E+035
   455	  0.67186800000000002        1340170000000000.0        3.0834999999999999E+035
   456	  0.67686799999999991        1352760000000000.0        3.1439599999999999E+035
   457	  0.68186799999999992        1365400000000000.0        3.2051599999999998E+035
   458	  0.68686799999999992        1378080000000000.0        3.2670900000000001E+035
   459	  0.69186799999999993        1390820000000000.0        3.3297499999999996E+035
   460	  0.69686799999999993        1403610000000000.0        3.3931600000000002E+035
   461	  0.70186799999999994        1416450000000000.0        3.4572999999999999E+035
   462	  0.70686800000000005        1429350000000000.0        3.5221900000000003E+035
   463	  0.71186800000000006        1442290000000000.0        3.5878299999999998E+035
   464	  0.71686799999999995        1455290000000000.0        3.6542200000000000E+035
   465	  0.72186799999999995        1468340000000000.0        3.7213700000000000E+035
   466	  0.72686799999999996        1481440000000000.0        3.7892799999999998E+035
   467	  0.73186799999999996        1494590000000000.0        3.8579400000000002E+035
   468	  0.73686799999999997        1507800000000000.0        3.9273800000000004E+035
   469	  0.74186799999999986        1521060000000000.0        3.9975800000000004E+035
   470	  0.74686799999999987        1534380000000000.0        4.0685500000000001E+035
   471	  0.75186799999999987        1547740000000000.0        4.1402899999999997E+035
   472	  0.75686799999999999        1561160000000000.0        4.2128199999999996E+035
   473	  0.76186799999999999        1574640000000000.0        4.2861200000000001E+035
   474	  0.76686799999999999        1588170000000000.0        4.3602100000000003E+035
   475	  0.77186800000000000        1601750000000000.0        4.4350900000000001E+035
   476	  0.77686799999999989        1615390000000000.0        4.5107499999999997E+035
   477	  0.78186799999999990        1629090000000000.0        4.5872099999999996E+035
   478	  0.78686799999999990        1642840000000000.0        4.6644600000000000E+035
   479	  0.79186799999999991        1656640000000000.0        4.7425199999999999E+035
   480	  0.79686799999999991        1670500000000000.0        4.8213700000000003E+035
   481	  0.80186800000000003        1684420000000000.0        4.9010300000000002E+035
   482	  0.80686800000000003        1698390000000000.0        4.9814999999999997E+035
   483	  0.81186799999999992        1712420000000000.0        5.0627800000000002E+035
   484	  0.81686799999999993        1726510000000000.0        5.1448800000000003E+035
   485	  0.82186799999999993        1740650000000000.0        5.2277900000000000E+035
   486	  0.82686799999999994        1754850000000000.0        5.3115199999999999E+035
   487	  0.83186799999999994        1769100000000000.0        5.3960800000000000E+035
   488	  0.83686799999999995        1783410000000000.0        5.4814599999999997E+035
   489	  0.84186799999999984        1797780000000000.0        5.5676800000000003E+035
   490	  0.84686800000000007        1812210000000000.0        5.6547200000000003E+035
   491	  0.85186799999999996        1826700000000000.0        5.7425999999999998E+035
   492	  0.85686799999999996        1841240000000000.0        5.8313200000000003E+035
   493	  0.86186799999999997        1855850000000000.0        5.9208800000000001E+035
   494	  0.86686799999999997        1870510000000000.0        6.0112800000000001E+035
   495	  0.87186799999999998        1885230000000000.0        6.1025300000000002E+035
   496	  0.87686799999999987        1900010000000000.0        6.1946399999999996E+035
   497	  0.88186799999999987        1914840000000000.0        6.2875900000000000E+035
   498	  0.88686799999999988        1929740000000000.0        6.3813999999999996E+035
   499	  0.89186799999999988        1944700000000000.0        6.4760700000000001E+035
   500	  0.89686800000000000        1959720000000000.0        6.5715999999999999E+035
   501	  0.90186800000000000        1974790000000000.0        6.6679900000000005E+035
   502	  0.90686800000000001        1989930000000000.0        6.7652599999999995E+035
   503	  0.91186799999999990        2005130000000000.0        6.8633900000000001E+035
   504	  0.91686799999999991        2020390000000000.0        6.9623900000000007E+035
   505	  0.92186799999999991        2035710000000000.0        7.0622699999999998E+035
   506	  0.92686799999999991        2051090000000000.0        7.1630300000000003E+035
   507	  0.93186799999999992        2066530000000000.0        7.2646799999999993E+035
   508	  0.93686799999999981        2082030000000000.0        7.3671999999999998E+035
   509	  0.94186800000000004        2097590000000000.0        7.4706100000000001E+035
   510	  0.94686799999999993        2113220000000000.0        7.5749200000000003E+035
   511	  0.95186799999999994        2128910000000000.0        7.6801100000000005E+035
   512	  0.95686799999999994        2144660000000000.0        7.7862000000000005E+035
   513	  0.96186799999999995        2160470000000000.0        7.8931900000000004E+035
   514	  0.96686799999999995        2176350000000000.0        8.0010800000000002E+035
   515	  0.97186799999999995        2192280000000000.0        8.1098799999999997E+035
   516	  0.97686799999999985        2208290000000000.0        8.2195800000000006E+035
   517	  0.98186799999999985        2224350000000000.0        8.3301899999999998E+035
   518	  0.98686799999999997        2240480000000000.0        8.4417100000000003E+035
   519	  0.99186799999999997        2256670000000000.0        8.5541500000000006E+035
   520	  0.99686799999999998        2272920000000000.0        8.6675000000000007E+035
   521	   1.0018700000000000        2289240000000000.0        8.7817800000000004E+035
   522	   1.0068699999999999        2305630000000000.0        8.8969800000000000E+035
   523	   1.0118700000000000        2322070000000000.0        9.0131000000000007E+035
   524	   1.0168699999999999        2338590000000000.0        9.1301499999999997E+035
   525	   1.0218699999999998        2355160000000000.0        9.2481399999999998E+035
   526	   1.0268699999999999        2371810000000000.0        9.3670499999999997E+035
   527	   1.0318699999999998        2388510000000000.0        9.4869000000000007E+035
   528	   1.0368700000000000        2405280000000000.0        9.6076999999999999E+035
   529	   1.0418700000000001        2422120000000000.0        9.7294300000000002E+035
   530	   1.0468700000000000        2439030000000000.0        9.8521100000000001E+035
   531	   1.0518699999999999        2456000000000000.0        9.9757299999999997E+035
   532	   1.0568700000000000        2473030000000000.0        1.0100300000000000E+036
   533	   1.0618699999999999        2490130000000000.0        1.0225800000000001E+036
   534	   1.0668700000000000        2507300000000000.0        1.0352300000000000E+036
   535	   1.0718699999999999        2524540000000000.0        1.0479799999999999E+036
   536	   1.0768699999999998        2541840000000000.0        1.0608200000000000E+036
   537	   1.0818699999999999        2559210000000000.0        1.0737500000000000E+036
   538	   1.0868700000000000        2576640000000000.0        1.0867900000000001E+036
   539	   1.0918699999999999        2594150000000000.0        1.0999100000000000E+036
   540	   1.0968700000000000        2611720000000000.0        1.1131400000000000E+036
   541	   1.1018699999999999        2629360000000000.0        1.1264700000000001E+036
   542	   1.1068700000000000        2647060000000000.0        1.1398900000000000E+036
   543	   1.1118699999999999        2664840000000000.0        1.1534099999999999E+036
   544	   1.1168699999999998        2682680000000000.0        1.1670200000000001E+036
   545	   1.1218699999999999        2700590000000000.0        1.1807400000000001E+036
   546	   1.1268699999999998        2718570000000000.0        1.1945500000000000E+036
   547	   1.1318699999999999        2736620000000000.0        1.2084700000000001E+036
   548	   1.1368700000000000        2754740000000000.0        1.2224800000000001E+036
   549	   1.1418699999999999        2772930000000000.0        1.2365900000000000E+036
   550	   1.1468700000000001        2791190000000000.0        1.2508000000000000E+036
   551	   1.1518699999999999        2809510000000000.0        1.2651100000000000E+036
   552	   1.1568699999999998        2827910000000000.0        1.2795300000000000E+036
   553	   1.1618700000000000        2846380000000000.0        1.2940399999999999E+036
   554	   1.1668699999999999        2864910000000000.0        1.3086500000000000E+036
   555	   1.1718700000000000        2883520000000000.0        1.3233600000000000E+036
   556	   1.1768699999999999        2902200000000000.0        1.3381800000000001E+036
   557	   1.1818700000000000        2920940000000000.0        1.3530900000000000E+036
   558	   1.1868699999999999        2939760000000000.0        1.3681099999999999E+036
   559	   1.1918700000000000        2958650000000000.0        1.3832299999999999E+036
   560	   1.1968699999999999        2977620000000000.0        1.3984499999999999E+036
   561	   1.2018700000000000        2996650000000000.0        1.4137700000000001E+036
   562	   1.2068699999999999        3015750000000000.0        1.4291999999999999E+036
   563	   1.2118699999999998        3034930000000000.0        1.4447299999999999E+036
   564	   1.2168699999999999        3054180000000000.0        1.4603599999999999E+036
   565	   1.2218699999999998        3073500000000000.0        1.4761000000000000E+036
   566	   1.2268699999999999        3092890000000000.0        1.4919399999999999E+036
   567	   1.2318700000000000        3112350000000000.0        1.5078800000000001E+036
   568	   1.2368699999999999        3131890000000000.0        1.5239300000000001E+036
   569	   1.2418700000000000        3151500000000000.0        1.5400799999999999E+036
   570	   1.2468699999999999        3171190000000000.0        1.5563300000000000E+036
   571	   1.2518699999999998        3190940000000000.0        1.5727000000000001E+036
   572	   1.2568699999999999        3210770000000000.0        1.5891600000000001E+036
   573	   1.2618699999999998        3230680000000000.0        1.6057300000000001E+036
   574	   1.2668699999999999        3250650000000000.0        1.6224100000000001E+036
   575	   1.2718699999999998        3270710000000000.0        1.6391899999999999E+036
   576	   1.2768699999999999        3290830000000000.0        1.6560800000000001E+036
   577	   1.2818700000000001        3311030000000000.0        1.6730700000000000E+036
   578	   1.2868700000000000        3331300000000000.0        1.6901799999999999E+036
   579	   1.2918699999999999        3351650000000000.0        1.7073799999999999E+036
   580	   1.2968700000000000        3372080000000000.0        1.7246999999999999E+036
   581	   1.3018699999999999        3392570000000000.0        1.7421200000000001E+036
   582	   1.3068700000000000        3413150000000000.0        1.7596499999999999E+036
   583	   1.3118699999999999        3433800000000000.0        1.7772900000000001E+036
   584	   1.3168699999999998        3454520000000000.0        1.7950300000000000E+036
   585	   1.3218699999999999        3475320000000000.0        1.8128800000000000E+036
   586	   1.3268700000000000        3496200000000000.0        1.8308500000000000E+036
   587	   1.3318699999999999        3517150000000000.0        1.8489200000000000E+036
   588	   1.3368700000000000        3538170000000000.0        1.8670899999999999E+036
   589	   1.3418699999999999        3559280000000000.0        1.8853800000000000E+036
   590	   1.3468699999999998        3580460000000000.0        1.9037800000000001E+036
   591	   1.3518699999999999        3601710000000000.0        1.9222900000000000E+036
   592	   1.3568699999999998        3623050000000000.0        1.9409000000000000E+036
   593	   1.3618699999999999        3644460000000000.0        1.9596299999999999E+036
   594	   1.3668700000000000        3665950000000000.0        1.9784699999999999E+036
   595	   1.3718699999999997        3687510000000000.0        1.9974100000000000E+036
   596	   1.3768700000000000        3709150000000000.0        2.0164700000000000E+036
   597	   1.3818699999999997        3730870000000000.0        2.0356400000000001E+036
   598	   1.3868699999999998        3752670000000000.0        2.0549199999999999E+036
   599	   1.3918699999999999        3774550000000000.0        2.0743100000000000E+036
   600	   1.3968699999999998        3796500000000000.0        2.0938099999999999E+036
   601	   1.4018699999999999        3818530000000000.0        2.1134300000000000E+036
   602	   1.4068699999999998        3840640000000000.0        2.1331599999999999E+036
   603	   1.4118700000000000        3862830000000000.0        2.1529899999999999E+036
   604	   1.4168699999999999        3885100000000000.0        2.1729500000000001E+036
   605	   1.4218700000000000        3907450000000000.0        2.1930100000000001E+036
   606	   1.4268699999999999        3929880000000000.0        2.2131900000000000E+036
   607	   1.4318700000000000        3952380000000000.0        2.2334800000000000E+036
   608	   1.4368700000000001        3974970000000000.0        2.2538800000000001E+036
   609	   1.4418700000000000        3997630000000000.0        2.2744000000000001E+036
   610	   1.4468700000000001        4020380000000000.0        2.2950300000000001E+036
   611	   1.4518699999999998        4043200000000000.0        2.3157800000000001E+036
   612	   1.4568699999999999        4066100000000000.0        2.3366299999999999E+036
   613	   1.4618699999999998        4089090000000000.0        2.3576100000000000E+036
   614	   1.4668699999999999        4112150000000000.0        2.3787000000000000E+036
   615	   1.4718699999999998        4135300000000000.0        2.3999000000000001E+036
   616	   1.4768699999999999        4158530000000000.0        2.4212199999999999E+036
   617	   1.4818699999999998        4181830000000000.0        2.4426600000000000E+036
   618	   1.4868699999999999        4205220000000000.0        2.4642100000000001E+036
   619	   1.4918700000000000        4228690000000000.0        2.4858699999999999E+036
   620	   1.4968699999999999        4252240000000000.0        2.5076500000000000E+036
   621	   1.5018700000000000        4275880000000000.0        2.5295500000000001E+036
   622	   1.5068699999999997        4299590000000000.0        2.5515699999999999E+036
   623	   1.5118700000000000        4323390000000000.0        2.5737000000000000E+036
   624	   1.5168699999999997        4347260000000000.0        2.5959500000000000E+036
   625	   1.5218699999999998        4371220000000000.0        2.6183099999999999E+036
   626	   1.5268699999999997        4395270000000000.0        2.6407999999999999E+036
   627	   1.5318699999999998        4419390000000000.0        2.6634000000000000E+036
   628	   1.5368700000000000        4443600000000000.0        2.6861099999999998E+036
   629	   1.5418699999999999        4467890000000000.0        2.7089500000000001E+036
   630	   1.5468700000000000        4492270000000000.0        2.7319099999999998E+036
   631	   1.5518699999999999        4516720000000000.0        2.7549800000000002E+036
   632	   1.5568700000000000        4541260000000000.0        2.7781699999999999E+036
   633	   1.5618699999999999        4565890000000000.0        2.8014800000000002E+036
   634	   1.5668700000000000        4590590000000000.0        2.8249099999999999E+036
   635	   1.5718699999999997        4615390000000000.0        2.8484600000000002E+036
   636	   1.5768700000000000        4640260000000000.0        2.8721299999999998E+036
   637	   1.5818700000000001        4665220000000000.0        2.8959200000000001E+036
   638	   1.5868699999999998        4690260000000000.0        2.9198300000000003E+036
   639	   1.5918699999999999        4715390000000000.0        2.9438499999999999E+036
   640	   1.5968699999999998        4740600000000000.0        2.9680000000000001E+036
   641	   1.6018699999999999        4765900000000000.0        2.9922700000000003E+036
   642	   1.6068699999999998        4791280000000000.0        3.0166599999999998E+036
   643	   1.6118699999999999        4816750000000000.0        3.0411699999999999E+036
   644	   1.6168699999999998        4842300000000000.0        3.0658100000000000E+036
   645	   1.6218699999999999        4867940000000000.0        3.0905600000000001E+036
   646	   1.6268700000000000        4893660000000000.0        3.1154400000000001E+036
   647	   1.6318699999999999        4919470000000000.0        3.1404300000000001E+036
   648	   1.6368700000000000        4945370000000000.0        3.1655500000000001E+036
   649	   1.6418699999999997        4971350000000000.0        3.1908000000000000E+036
   650	   1.6468700000000001        4997410000000000.0        3.2161599999999999E+036
   651	   1.6518699999999997        5023570000000000.0        3.2416499999999998E+036
   652	   1.6568699999999998        5049810000000000.0        3.2672600000000002E+036
   653	   1.6618699999999997        5076130000000000.0        3.2929900000000000E+036
   654	   1.6668699999999999        5102540000000000.0        3.3188499999999998E+036
   655	   1.6718700000000000        5129040000000000.0        3.3448300000000001E+036
   656	   1.6768699999999999        5155630000000000.0        3.3709299999999998E+036
   657	   1.6818700000000000        5182300000000000.0        3.3971600000000001E+036
   658	   1.6868699999999999        5209070000000000.0        3.4235100000000003E+036
   659	   1.6918700000000000        5235910000000000.0        3.4499899999999999E+036
   660	   1.6968699999999999        5262850000000000.0        3.4765900000000000E+036
   661	   1.7018700000000000        5289870000000000.0        3.5033100000000001E+036
   662	   1.7068699999999997        5316990000000000.0        3.5301600000000001E+036
   663	   1.7118700000000000        5344190000000000.0        3.5571400000000001E+036
   664	   1.7168699999999997        5371470000000000.0        3.5842400000000001E+036
   665	   1.7218699999999998        5398850000000000.0        3.6114699999999999E+036
   666	   1.7268699999999999        5426320000000000.0        3.6388199999999998E+036
   667	   1.7318699999999998        5453870000000000.0        3.6663000000000002E+036
   668	   1.7368699999999999        5481510000000000.0        3.6939000000000000E+036
   669	   1.7418699999999998        5509240000000000.0        3.7216300000000003E+036
   670	   1.7468699999999999        5537060000000000.0        3.7494899999999999E+036
   671	   1.7518699999999998        5564970000000000.0        3.7774800000000001E+036
   672	   1.7568699999999999        5592970000000000.0        3.8055900000000002E+036
   673	   1.7618699999999998        5621060000000000.0        3.8338300000000003E+036
   674	   1.7668699999999999        5649240000000000.0        3.8621899999999997E+036
   675	   1.7718700000000001        5677510000000000.0        3.8906900000000003E+036
   676	   1.7768699999999997        5705870000000000.0        3.9193100000000002E+036
   677	   1.7818700000000001        5734320000000000.0        3.9480600000000000E+036
   678	   1.7868699999999997        5762860000000000.0        3.9769299999999998E+036
   679	   1.7918699999999999        5791490000000000.0        4.0059400000000001E+036
   680	   1.7968699999999997        5820210000000000.0        4.0350799999999997E+036
   681	   1.8018699999999999        5849020000000000.0        4.0643400000000000E+036
   682	   1.8068699999999998        5877920000000000.0        4.0937300000000001E+036
   683	   1.8118699999999999        5906910000000000.0        4.1232500000000001E+036
   684	   1.8168700000000000        5936000000000000.0        4.1529000000000001E+036
   685	   1.8218699999999999        5965170000000000.0        4.1826900000000000E+036
   686	   1.8268700000000000        5994440000000000.0        4.2125999999999999E+036
   687	   1.8318699999999999        6023800000000000.0        4.2426400000000002E+036
   688	   1.8368700000000000        6053250000000000.0        4.2728100000000000E+036
   689	   1.8418699999999997        6082790000000000.0        4.3031100000000002E+036
   690	   1.8468700000000000        6112420000000000.0        4.3335399999999998E+036
   691	   1.8518699999999997        6142150000000000.0        4.3640999999999999E+036
   692	   1.8568699999999998        6171970000000000.0        4.3947999999999998E+036
   693	   1.8618699999999999        6201880000000000.0        4.4256199999999998E+036
   694	   1.8668699999999998        6231890000000000.0        4.4565800000000002E+036
   695	   1.8718699999999999        6261980000000000.0        4.4876700000000000E+036
   696	   1.8768699999999998        6292170000000000.0        4.5188799999999997E+036
   697	   1.8818699999999999        6322460000000000.0        4.5502399999999999E+036
   698	   1.8868699999999998        6352830000000000.0        4.5817200000000001E+036
   699	   1.8918699999999999        6383300000000000.0        4.6133400000000001E+036
   700	   1.8968699999999998        6413860000000000.0        4.6450800000000001E+036
   701	   1.9018699999999999        6444520000000000.0        4.6769699999999999E+036
   702	   1.9068700000000001        6475270000000000.0        4.7089799999999998E+036
   703	   1.9118699999999997        6506120000000000.0        4.7411300000000000E+036
   704	   1.9168700000000001        6537050000000000.0        4.7734100000000003E+036
   705	   1.9218699999999997        6568090000000000.0        4.8058199999999998E+036
   706	   1.9268699999999999        6599210000000000.0        4.8383699999999998E+036
   707	   1.9318699999999998        6630440000000000.0        4.8710499999999998E+036
   708	   1.9368699999999999        6661750000000000.0        4.9038700000000002E+036
   709	   1.9418699999999998        6693160000000000.0        4.9368200000000000E+036
   710	   1.9468699999999999        6724670000000000.0        4.9699000000000003E+036
   711	   1.9518700000000000        6756270000000000.0        5.0031199999999999E+036
   712	   1.9568699999999999        6787970000000000.0        5.0364799999999999E+036
   713	   1.9618700000000000        6819760000000000.0        5.0699599999999999E+036
   714	   1.9668699999999999        6851650000000000.0        5.1035899999999998E+036
   715	   1.9718700000000000        6883630000000000.0        5.1373500000000002E+036
   716	   1.9768699999999997        6915710000000000.0        5.1712399999999999E+036
   717	   1.9818700000000000        6947880000000000.0        5.2052800000000000E+036
   718	   1.9868699999999997        6980150000000000.0        5.2394400000000002E+036
   719	   1.9918699999999998        7012520000000000.0        5.2737500000000001E+036
   720	   1.9968699999999997        7044980000000000.0        5.3081900000000000E+036
