     1	   4.7299999999999999E-015   7.8609999999999998        1010000000.0000000     
     2	   4.7600000000000000E-015   7.9000000000000004        10100000000.000000     
     3	   4.9099999999999997E-015   8.1500000000000004        101000000000.00000     
     4	   6.9900000000000004E-015   11.600000000000000        1210000000000.0000     
     5	   9.9000000000000007E-015   16.399999999999999        14000000000000.000     
     6	   2.7200000000000000E-014   48.509999999999998        170000000000000.00     
     7	   1.2699999999999999E-013   212.00000000000000        5820000000000000.0     
     8	   6.9299999999999998E-013   1150.0000000000000        1.9000000000000000E+017
     9	   6.2949999999999993E-012   10440.000000000000        9.7440000000000000E+018
    10	   1.5809999999999998E-011   26220.000000000000        4.9680000000000000E+019
    11	   3.9720000000000000E-011   65870.000000000000        2.4310000000000000E+020
    12	   9.9760000000000000E-011   165400.00000000000        1.1510000000000000E+021
    13	   2.5059999999999999E-010   415600.00000000000        5.2659999999999995E+021
    14	   6.2939999999999992E-010   1044000.0000000000        2.3180000000000001E+022
    15	   1.5809999999999998E-009   2622000.0000000000        9.7549999999999992E+022
    16	   3.9719999999999999E-009   6588000.0000000000        3.9109999999999998E+023
    17	   4.9999999999999993E-009   8293000.0000000000        5.2500000000000003E+023
    18	   9.9759999999999995E-009   16550000.000000000        1.4350000000000001E+024
    19	   1.9900000000000000E-008   33020000.000000000        3.8329999999999998E+024
    20	   3.9720000000000001E-008   65890000.000000000        1.0060000000000000E+025
    21	   7.9239999999999987E-008   131500000.00000000        2.6039999999999999E+025
    22	   1.5809999999999999E-007   262400000.00000000        6.6759999999999998E+025
    23	   1.9900000000000000E-007   330400000.00000000        8.7379999999999999E+025
    24	   3.1549999999999999E-007   523700000.00000000        1.6289999999999999E+026
    25	   4.9999999999999998E-007   830100000.00000000        3.0390000000000002E+026
    26	   6.2939999999999996E-007   1045000000.0000000        4.1289999999999999E+026
    27	   7.9240000000000003E-007   1316000000.0000000        5.0360000000000003E+026
    28	   9.9759999999999999E-007   1657000000.0000000        6.8599999999999998E+026
    29	   1.5810000000000000E-006   2626000000.0000000        1.2720000000000000E+027
    30	   2.5059999999999998E-006   4164000000.0000000        2.3560000000000001E+027
    31	   3.9720000000000003E-006   6601000000.0000000        4.3620000000000000E+027
    32	   4.9999999999999996E-006   8312000000.0000000        5.6620000000000003E+027
    33	   6.2939999999999994E-006   10460000000.000000        7.7019999999999997E+027
    34	   7.9239999999999990E-006   13180000000.000000        1.0480000000000000E+028
    35	   9.9759999999999990E-006   16590000000.000000        1.4250000000000001E+028
    36	   1.2559999999999998E-005   20900000000.000000        1.9380000000000001E+028
    37	   1.5809999999999999E-005   26310000000.000000        2.5029999999999998E+028
    38	   1.9899999999999999E-005   33130000000.000000        3.4039999999999999E+028
    39	   2.5059999999999997E-005   41720000000.000000        4.6280000000000001E+028
    40	   3.1550000000000001E-005   52540000000.000000        5.9490000000000003E+028
    41	   3.9719999999999999E-005   66170000000.000000        8.0889999999999994E+028
    42	   4.9999999999999996E-005   83320000000.000000        1.1000000000000001E+029
    43	   6.2939999999999990E-005   104900000000.00000        1.4950000000000000E+029
    44	   7.9239999999999993E-005   132200000000.00000        2.0330000000000001E+029
    45	   9.9759999999999994E-005   166400000000.00000        2.5970000000000001E+029
    46	   1.1049999999999999E-004   184400000000.00000        2.8920000000000000E+029
    47	   1.2559999999999999E-004   209600000000.00000        3.2899999999999998E+029
    48	   1.5809999999999999E-004   264000000000.00000        4.4729999999999998E+029
    49	   1.9900000000000001E-004   332500000000.00000        5.8159999999999997E+029
    50	   2.5059999999999997E-004   418800000000.00000        7.5379999999999997E+029
    51	   2.5720000000000002E-004   429900000000.00000        7.8050000000000001E+029
    52	   1.2979999999999999E-003   2173590000000.0000        1.8647800000000000E+030
    53	   1.4775999999999999E-003   2474610000000.0000        2.1041200000000000E+030
    54	   1.6571999999999999E-003   2775670000000.0000        2.3544699999999999E+030
    55	   1.8367999999999998E-003   3076760000000.0000        2.6152000000000000E+030
    56	   2.0163999999999998E-003   3377880000000.0000        2.8858000000000001E+030
    57	   2.1959999999999996E-003   3679030000000.0000        3.1658100000000000E+030
    58	   2.3755999999999998E-003   3980200000000.0000        3.4548699999999998E+030
    59	   2.5551999999999997E-003   4281400000000.0000        3.7526400000000001E+030
    60	   2.7347999999999999E-003   4582620000000.0000        4.0588700000000002E+030
    61	   2.9143999999999997E-003   4883860000000.0000        4.3733099999999998E+030
    62	   3.0939999999999995E-003   5185130000000.0000        4.6957799999999999E+030
    63	   3.2735999999999998E-003   5486410000000.0000        5.0261000000000001E+030
    64	   3.4532000000000000E-003   5787720000000.0000        5.3641300000000003E+030
    65	   3.6327999999999998E-003   6089040000000.0000        5.7097400000000000E+030
    66	   3.8123999999999996E-003   6390390000000.0000        6.0628499999999997E+030
    67	   3.9919999999999999E-003   6691750000000.0000        6.4233599999999995E+030
    68	   4.1716000000000001E-003   6993130000000.0000        6.7911999999999995E+030
    69	   4.3511999999999995E-003   7294530000000.0000        7.1663099999999995E+030
    70	   4.5307999999999998E-003   7595940000000.0000        7.5486399999999996E+030
    71	   4.7104000000000000E-003   7897380000000.0000        7.9381699999999999E+030
    72	   4.8899999999999994E-003   8198830000000.0000        8.3348600000000002E+030
    73	   5.0695999999999996E-003   8500290000000.0000        8.7386899999999996E+030
    74	   5.2491999999999999E-003   8801770000000.0000        9.1496500000000002E+030
    75	   5.4288000000000001E-003   9103270000000.0000        9.5677399999999998E+030
    76	   5.6083999999999995E-003   9404790000000.0000        9.9929599999999995E+030
    77	   5.7879999999999989E-003   9706310000000.0000        1.0425300000000000E+031
    78	   5.9676000000000000E-003   10007900000000.000        1.0864799999999999E+031
    79	   6.1471999999999994E-003   10309400000000.000        1.1311399999999999E+031
    80	   6.3267999999999987E-003   10611000000000.000        1.1765300000000001E+031
    81	   6.5063999999999999E-003   10912600000000.000        1.2226300000000001E+031
    82	   6.6859999999999992E-003   11214200000000.000        1.2694600000000000E+031
    83	   6.8655999999999986E-003   11515800000000.000        1.3170100000000001E+031
    84	   7.0451999999999997E-003   11817400000000.000        1.3652900000000000E+031
    85	   7.2247999999999991E-003   12119100000000.000        1.4143000000000001E+031
    86	   7.4043999999999994E-003   12420700000000.000        1.4640500000000001E+031
    87	   7.5839999999999996E-003   12722400000000.000        1.5145299999999999E+031
    88	   7.7635999999999990E-003   13024100000000.000        1.5657599999999999E+031
    89	   7.9431999999999992E-003   13325800000000.000        1.6177400000000000E+031
    90	   8.1227999999999995E-003   13627500000000.000        1.6704800000000000E+031
    91	   8.3023999999999997E-003   13929200000000.000        1.7239599999999999E+031
    92	   8.4819999999999982E-003   14230900000000.000        1.7782099999999999E+031
    93	   8.6616000000000002E-003   14532700000000.000        1.8332300000000000E+031
    94	   8.8411999999999987E-003   14834500000000.000        1.8890200000000000E+031
    95	   9.0207999999999990E-003   15136200000000.000        1.9455799999999999E+031
    96	   9.2003999999999992E-003   15438000000000.000        2.0029300000000000E+031
    97	   9.3799999999999994E-003   15739800000000.000        2.0610599999999999E+031
    98	   9.5595999999999997E-003   16041600000000.000        2.1199899999999999E+031
    99	   9.7391999999999999E-003   16343500000000.000        2.1797100000000000E+031
   100	   9.9187999999999985E-003   16645300000000.000        2.2402300000000001E+031
   101	   1.0098400000000000E-002   16947100000000.000        2.3015600000000002E+031
   102	   1.0277999999999999E-002   17249000000000.000        2.3637100000000002E+031
   103	   1.0457599999999999E-002   17550900000000.000        2.4266699999999999E+031
   104	   1.0637199999999999E-002   17852800000000.000        2.4904600000000001E+031
   105	   1.0816800000000000E-002   18154700000000.000        2.5550800000000000E+031
   106	   1.0996399999999998E-002   18456600000000.000        2.6205399999999998E+031
   107	   1.1175999999999998E-002   18758500000000.000        2.6868300000000001E+031
   108	   1.1355599999999999E-002   19060400000000.000        2.7539799999999999E+031
   109	   1.1535200000000001E-002   19362400000000.000        2.8219700000000000E+031
   110	   1.1714799999999999E-002   19664300000000.000        2.8908300000000002E+031
   111	   1.1894399999999999E-002   19966300000000.000        2.9605499999999998E+031
   112	   1.2074000000000000E-002   20268300000000.000        3.0311400000000000E+031
   113	   1.2253599999999998E-002   20570300000000.000        3.1025999999999998E+031
   114	   1.2433199999999998E-002   20872300000000.000        3.1749500000000002E+031
   115	   1.2612800000000000E-002   21174300000000.000        3.2481800000000000E+031
   116	   1.2792399999999999E-002   21476300000000.000        3.3223100000000002E+031
   117	   1.2971999999999999E-002   21778400000000.000        3.3973299999999999E+031
   118	   1.3151599999999999E-002   22080400000000.000        3.4732599999999998E+031
   119	   1.3331199999999998E-002   22382500000000.000        3.5500999999999998E+031
   120	   1.3510800000000000E-002   22684600000000.000        3.6278600000000001E+031
   121	   1.3690400000000000E-002   22986700000000.000        3.7065399999999998E+031
   122	   1.3869999999999999E-002   23288800000000.000        3.7861399999999998E+031
   123	   1.4049599999999999E-002   23590900000000.000        3.8666800000000002E+031
   124	   1.4229199999999999E-002   23893000000000.000        3.9481600000000000E+031
   125	   1.4408799999999998E-002   24195100000000.000        4.0305800000000000E+031
   126	   1.4588400000000000E-002   24497300000000.000        4.1139500000000002E+031
   127	   1.4768000000000000E-002   24799400000000.000        4.1982799999999998E+031
   128	   1.4947599999999998E-002   25101600000000.000        4.2835600000000004E+031
   129	   1.5127199999999999E-002   25403800000000.000        4.3698200000000004E+031
   130	   1.5306799999999999E-002   25706000000000.000        4.4570500000000000E+031
   131	   1.5486399999999997E-002   26008200000000.000        4.5452500000000002E+031
   132	   1.5665999999999999E-002   26310400000000.000        4.6344399999999996E+031
   133	   1.5845599999999998E-002   26612600000000.000        4.7246199999999999E+031
   134	   1.6025200000000000E-002   26914900000000.000        4.8157900000000003E+031
   135	   1.6204799999999998E-002   27217100000000.000        4.9079599999999997E+031
   136	   1.6384399999999997E-002   27519400000000.000        5.0011399999999997E+031
   137	   1.6563999999999999E-002   27821600000000.000        5.0953300000000001E+031
   138	   1.6743600000000001E-002   28123900000000.000        5.1905300000000002E+031
   139	   1.6923199999999999E-002   28426200000000.000        5.2867600000000004E+031
   140	   1.7102799999999998E-002   28728500000000.000        5.3840099999999999E+031
   141	   1.7282400000000000E-002   29030800000000.000        5.4823000000000003E+031
   142	   1.7461999999999998E-002   29333200000000.000        5.5816199999999998E+031
   143	   1.7641599999999997E-002   29635500000000.000        5.6819800000000000E+031
   144	   1.7821199999999999E-002   29937900000000.000        5.7833899999999999E+031
   145	   1.8000800000000001E-002   30240200000000.000        5.8858600000000001E+031
   146	   1.8180399999999999E-002   30542600000000.000        5.9893799999999999E+031
   147	   1.8359999999999998E-002   30845000000000.000        6.0939600000000000E+031
   148	   1.8539599999999996E-002   31147400000000.000        6.1996200000000000E+031
   149	   1.8719199999999998E-002   31449800000000.000        6.3063400000000003E+031
   150	   1.8898800000000000E-002   31752200000000.000        6.4141500000000002E+031
   151	   1.9078399999999999E-002   32054700000000.000        6.5230399999999999E+031
   152	   1.9257999999999997E-002   32357100000000.000        6.6330100000000004E+031
   153	   1.9437599999999999E-002   32659600000000.000        6.7440800000000003E+031
   154	   1.9617199999999998E-002   32962000000000.000        6.8562399999999997E+031
   155	   1.9796799999999996E-002   33264500000000.000        6.9695100000000002E+031
   156	   1.9976399999999998E-002   33567000000000.000        7.0838899999999999E+031
   157	   2.0156000000000000E-002   33869500000000.000        7.1993799999999996E+031
   158	   2.0335599999999999E-002   34172000000000.000        7.3159800000000002E+031
   159	   2.0515199999999997E-002   34474500000000.000        7.4336999999999998E+031
   160	   2.0694799999999999E-002   34777100000000.000        7.5525599999999997E+031
   161	   2.0874399999999998E-002   35079600000000.000        7.6725400000000004E+031
   162	   2.1054000000000000E-002   35382200000000.000        7.7936499999999998E+031
   163	   2.1233599999999998E-002   35684800000000.000        7.9159100000000001E+031
   164	   2.1413199999999997E-002   35987300000000.000        8.0393099999999998E+031
   165	   2.1592799999999999E-002   36289900000000.000        8.1638599999999996E+031
   166	   2.1772399999999997E-002   36592500000000.000        8.2895599999999994E+031
   167	   2.1951999999999996E-002   36895200000000.000        8.4164200000000000E+031
   168	   2.2131599999999998E-002   37197800000000.000        8.5444399999999995E+031
   169	   2.2311199999999996E-002   37500400000000.000        8.6736299999999995E+031
   170	   2.2490800000000002E-002   37803100000000.000        8.8039900000000001E+031
   171	   2.2670400000000000E-002   38105800000000.000        8.9355199999999993E+031
   172	   2.2849999999999999E-002   38408400000000.000        9.0682300000000006E+031
   173	   2.3029600000000001E-002   38711100000000.000        9.2021200000000004E+031
   174	   2.3209199999999999E-002   39013800000000.000        9.3372000000000003E+031
   175	   2.3388799999999998E-002   39316500000000.000        9.4734700000000002E+031
   176	   2.3568400000000000E-002   39619300000000.000        9.6109300000000002E+031
   177	   2.3747999999999998E-002   39922000000000.000        9.7495999999999998E+031
   178	   2.3927599999999997E-002   40224700000000.000        9.8894599999999995E+031
   179	   2.4107199999999995E-002   40527500000000.000        1.0030499999999999E+032
   180	   2.4286799999999997E-002   40830300000000.000        1.0172800000000000E+032
   181	   2.4466399999999996E-002   41133100000000.000        1.0316300000000000E+032
   182	   2.4646000000000001E-002   41435900000000.000        1.0460999999999999E+032
   183	   2.4825600000000000E-002   41738700000000.000        1.0607000000000001E+032
   184	   2.5005199999999998E-002   42041500000000.000        1.0754100000000000E+032
   185	   2.5184800000000000E-002   42344300000000.000        1.0902500000000001E+032
   186	   2.5364399999999999E-002   42647200000000.000        1.1052200000000001E+032
   187	   2.5543999999999997E-002   42950000000000.000        1.1202999999999999E+032
   188	   2.5723599999999999E-002   43252900000000.000        1.1355100000000001E+032
   189	   2.5903199999999998E-002   43555800000000.000        1.1508500000000000E+032
   190	   2.6082799999999996E-002   43858700000000.000        1.1662999999999999E+032
   191	   2.6262399999999998E-002   44161600000000.000        1.1818899999999999E+032
   192	   2.6441999999999997E-002   44464500000000.000        1.1975999999999999E+032
   193	   2.6621599999999995E-002   44767400000000.000        1.2134300000000001E+032
   194	   2.6801200000000001E-002   45070300000000.000        1.2294000000000000E+032
   195	   2.6980799999999999E-002   45373300000000.000        1.2454800000000000E+032
   196	   2.7160399999999998E-002   45676200000000.000        1.2617000000000000E+032
   197	   2.7340000000000000E-002   45979200000000.000        1.2780399999999999E+032
   198	   2.7519599999999998E-002   46282200000000.000        1.2945100000000000E+032
   199	   2.7699199999999997E-002   46585200000000.000        1.3111000000000001E+032
   200	   2.7878799999999999E-002   46888200000000.000        1.3278300000000000E+032
   201	   2.8058399999999997E-002   47191200000000.000        1.3446799999999999E+032
   202	   2.8237999999999996E-002   47494300000000.000        1.3616600000000000E+032
   203	   2.8417599999999998E-002   47797300000000.000        1.3787699999999999E+032
   204	   2.8597199999999996E-002   48100400000000.000        1.3960100000000000E+032
   205	   2.8776799999999995E-002   48403500000000.000        1.4133800000000000E+032
   206	   2.8956400000000000E-002   48706600000000.000        1.4308800000000000E+032
   207	   2.9135999999999999E-002   49009600000000.000        1.4485000000000000E+032
   208	   2.9315600000000001E-002   49312800000000.000        1.4662600000000000E+032
   209	   2.9495199999999999E-002   49615900000000.000        1.4841499999999999E+032
   210	   2.9674799999999998E-002   49919000000000.000        1.5021700000000000E+032
   211	   2.9854399999999996E-002   50222200000000.000        1.5203200000000000E+032
   212	   3.0033999999999998E-002   50525300000000.000        1.5386000000000000E+032
   213	   3.0213599999999997E-002   50828500000000.000        1.5570200000000000E+032
   214	   3.0393199999999995E-002   51131700000000.000        1.5755600000000000E+032
   215	   3.0572799999999997E-002   51434900000000.000        1.5942400000000000E+032
   216	   3.0752399999999996E-002   51738100000000.000        1.6130500000000000E+032
   217	   3.0932000000000001E-002   52041300000000.000        1.6319900000000000E+032
   218	   3.1111600000000000E-002   52344500000000.000        1.6510599999999999E+032
   219	   3.1291199999999998E-002   52647800000000.000        1.6702700000000002E+032
   220	   3.1470800000000000E-002   52951000000000.000        1.6896100000000001E+032
   221	   3.1650399999999995E-002   53254300000000.000        1.7090900000000000E+032
   222	   3.1829999999999997E-002   53557600000000.000        1.7286999999999999E+032
   223	   3.2009599999999999E-002   53860900000000.000        1.7484400000000001E+032
   224	   3.2189199999999994E-002   54164200000000.000        1.7683099999999999E+032
   225	   3.2368799999999996E-002   54467500000000.000        1.7883299999999998E+032
   226	   3.2548399999999998E-002   54770800000000.000        1.8084700000000000E+032
   227	   3.2727999999999993E-002   55074200000000.000        1.8287500000000002E+032
   228	   3.2907599999999995E-002   55377500000000.000        1.8491700000000001E+032
   229	   3.3087199999999997E-002   55680900000000.000        1.8697199999999999E+032
   230	   3.3266799999999999E-002   55984300000000.000        1.8904000000000001E+032
   231	   3.3446400000000001E-002   56287700000000.000        1.9112199999999999E+032
   232	   3.3625999999999996E-002   56591100000000.000        1.9321799999999999E+032
   233	   3.3805599999999998E-002   56894500000000.000        1.9532700000000001E+032
   234	   3.3985200000000000E-002   57198000000000.000        1.9745000000000000E+032
   235	   3.4164799999999995E-002   57501400000000.000        1.9958700000000000E+032
   236	   3.4344399999999997E-002   57804900000000.000        2.0173700000000000E+032
   237	   3.4523999999999999E-002   58108300000000.000        2.0390100000000000E+032
   238	   3.4703599999999994E-002   58411800000000.000        2.0607900000000000E+032
   239	   3.4883199999999996E-002   58715300000000.000        2.0827000000000001E+032
   240	   3.5062799999999998E-002   59018800000000.000        2.1047500000000002E+032
   241	   3.5242400000000000E-002   59322300000000.000        2.1269400000000000E+032
   242	   3.5422000000000002E-002   59625900000000.000        2.1492600000000000E+032
   243	   3.5601599999999997E-002   59929400000000.000        2.1717300000000000E+032
   244	   3.5781199999999999E-002   60233000000000.000        2.1943299999999999E+032
   245	   3.5960800000000001E-002   60536600000000.000        2.2170700000000002E+032
   246	   3.6140399999999996E-002   60840200000000.000        2.2399499999999998E+032
   247	   3.6319999999999998E-002   61143800000000.000        2.2629600000000001E+032
   248	   3.6499600000000000E-002   61447400000000.000        2.2861199999999999E+032
   249	   3.6679199999999995E-002   61751000000000.000        2.3094100000000000E+032
   250	   3.6858799999999997E-002   62054600000000.000        2.3328399999999998E+032
   251	   3.7038399999999992E-002   62358300000000.000        2.3564100000000001E+032
   252	   3.7218000000000001E-002   62661900000000.000        2.3801300000000001E+032
   253	   3.7397599999999996E-002   62965600000000.000        2.4039800000000002E+032
   254	   3.7577199999999998E-002   63269300000000.000        2.4279699999999999E+032
   255	   3.7756800000000000E-002   63573000000000.000        2.4521000000000000E+032
   256	   3.7936399999999995E-002   63876700000000.000        2.4763600000000001E+032
   257	   3.8115999999999997E-002   64180500000000.000        2.5007700000000001E+032
   258	   3.8295599999999999E-002   64484200000000.000        2.5253200000000001E+032
   259	   3.8475199999999994E-002   64788000000000.000        2.5500100000000002E+032
   260	   3.8654799999999996E-002   65091700000000.000        2.5748500000000001E+032
   261	   3.8834399999999998E-002   65395500000000.000        2.5998199999999999E+032
   262	   3.9013999999999993E-002   65699300000000.000        2.6249299999999999E+032
   263	   3.9193599999999995E-002   66003100000000.000        2.6501799999999999E+032
   264	   3.9373199999999997E-002   66306900000000.000        2.6755800000000001E+032
   265	   3.9552799999999999E-002   66610800000000.000        2.7011099999999998E+032
   266	   3.9732400000000001E-002   66914600000000.000        2.7267900000000002E+032
   267	   3.9911999999999996E-002   67218500000000.000        2.7526099999999999E+032
   268	   4.0091599999999998E-002   67522300000000.000        2.7785700000000000E+032
   269	   4.0271200000000000E-002   67826200000000.000        2.8046699999999998E+032
   270	   4.0450799999999995E-002   68130100000000.000        2.8309199999999999E+032
   271	   4.0630399999999997E-002   68434000000000.000        2.8573100000000000E+032
   272	   4.0809999999999999E-002   68737900000000.000        2.8838400000000001E+032
   273	   4.0989599999999994E-002   69041900000000.000        2.9105100000000000E+032
   274	   4.1169199999999996E-002   69345800000000.000        2.9373200000000000E+032
   275	   4.1348799999999998E-002   69649800000000.000        2.9642800000000002E+032
   276	   4.1528400000000000E-002   69953800000000.000        2.9913900000000002E+032
   277	   4.1708000000000002E-002   70257800000000.000        3.0186300000000001E+032
   278	   4.1887599999999997E-002   70561800000000.000        3.0460199999999999E+032
   279	   4.2067199999999999E-002   70865800000000.000        3.0735500000000001E+032
   280	   4.2246799999999994E-002   71169800000000.000        3.1012300000000002E+032
   281	   4.2426399999999996E-002   71473900000000.000        3.1290499999999999E+032
   282	   4.2605999999999998E-002   71777900000000.000        3.1570199999999999E+032
   283	   4.2785599999999993E-002   72082000000000.000        3.1851300000000000E+032
   284	   4.2965199999999995E-002   72386100000000.000        3.2133899999999998E+032
   285	   4.3144799999999997E-002   72690200000000.000        3.2417900000000002E+032
   286	   4.3324399999999992E-002   72994300000000.000        3.2703299999999998E+032
   287	   4.3503999999999994E-002   73298400000000.000        3.2990300000000002E+032
   288	   4.3683599999999996E-002   73602500000000.000        3.3278600000000001E+032
   289	   4.3863199999999991E-002   73906700000000.000        3.3568500000000001E+032
   290	   4.4042799999999993E-002   74210900000000.000        3.3859799999999997E+032
   291	   4.4222399999999995E-002   74515000000000.000        3.4152599999999999E+032
   292	   4.4401999999999990E-002   74819200000000.000        3.4446799999999998E+032
   293	   4.4581599999999992E-002   75123400000000.000        3.4742500000000003E+032
   294	   4.4761200000000001E-002   75427600000000.000        3.5039699999999999E+032
   295	   4.4940800000000003E-002   75731900000000.000        3.5338400000000000E+032
   296	   4.5120399999999998E-002   76036100000000.000        3.5638499999999999E+032
   297	   4.5300000000000000E-002   76340400000000.000        3.5940199999999997E+032
   298	   4.5479600000000002E-002   76644600000000.000        3.6243300000000000E+032
   299	   4.5659199999999997E-002   76948900000000.000        3.6547900000000001E+032
   300	   4.5838799999999999E-002   77253200000000.000        3.6854000000000001E+032
   301	   4.6018400000000001E-002   77557500000000.000        3.7161599999999999E+032
   302	   4.6197999999999996E-002   77861900000000.000        3.7470700000000003E+032
   303	   4.6377599999999998E-002   78166200000000.000        3.7781299999999997E+032
   304	   4.6557200000000000E-002   78470600000000.000        3.8093399999999998E+032
   305	   4.6736799999999995E-002   78774900000000.000        3.8406999999999997E+032
   306	   4.6916399999999997E-002   79079300000000.000        3.8722200000000003E+032
   307	   4.7095999999999999E-002   79383700000000.000        3.9038799999999999E+032
   308	   4.7275599999999994E-002   79688100000000.000        3.9357000000000002E+032
   309	   4.7455199999999996E-002   79992500000000.000        3.9676600000000002E+032
   310	   4.7634799999999998E-002   80297000000000.000        3.9997900000000003E+032
   311	   4.7814399999999993E-002   80601400000000.000        4.0320600000000001E+032
   312	   4.7993999999999995E-002   80905900000000.000        4.0644899999999999E+032
   313	   4.8173599999999990E-002   81210300000000.000        4.0970700000000003E+032
   314	   4.8353199999999992E-002   81514800000000.000        4.1297999999999997E+032
   315	   4.8532799999999994E-002   81819300000000.000        4.1626899999999999E+032
   316	   4.8712399999999989E-002   82123800000000.000        4.1957300000000000E+032
   317	   4.8891999999999998E-002   82428400000000.000        4.2289300000000000E+032
   318	   4.9071600000000000E-002   82732900000000.000        4.2622899999999999E+032
   319	   4.9251200000000002E-002   83037500000000.000        4.2957999999999998E+032
   320	   4.9430799999999997E-002   83342000000000.000        4.3294600000000001E+032
   321	   4.9610399999999999E-002   83646600000000.000        4.3632899999999999E+032
   322	   4.9790000000000001E-002   83951200000000.000        4.3972700000000003E+032
   323	   4.9969599999999996E-002   84255800000000.000        4.4313999999999997E+032
   324	   5.0149199999999998E-002   84560500000000.000        4.4656899999999999E+032
   325	   5.0328800000000000E-002   84865100000000.000        4.5001500000000002E+032
   326	   5.0508399999999995E-002   85169700000000.000        4.5347600000000003E+032
   327	   5.0687999999999997E-002   85474400000000.000        4.5695200000000003E+032
   328	   5.0867599999999999E-002   85779100000000.000        4.6044500000000003E+032
   329	   5.1047199999999994E-002   86083800000000.000        4.6395399999999997E+032
   330	   5.1226799999999996E-002   86388500000000.000        4.6747800000000003E+032
   331	   5.1406399999999998E-002   86693200000000.000        4.7101900000000003E+032
   332	   5.1585999999999993E-002   86997900000000.000        4.7457500000000001E+032
   333	   5.1765599999999995E-002   87302700000000.000        4.7814700000000000E+032
   334	   5.1945199999999997E-002   87607500000000.000        4.8173599999999999E+032
   335	   5.2124799999999992E-002   87912200000000.000        4.8533999999999997E+032
   336	   5.2304399999999994E-002   88217000000000.000        4.8896100000000003E+032
   337	   5.2483999999999996E-002   88521800000000.000        4.9259800000000002E+032
   338	   5.2663599999999991E-002   88826700000000.000        4.9625100000000000E+032
   339	   5.2843199999999993E-002   89131500000000.000        4.9991999999999998E+032
   340	   5.3022800000000002E-002   89436300000000.000        5.0360499999999996E+032
   341	   5.3202400000000004E-002   89741200000000.000        5.0730700000000003E+032
   342	   5.3381999999999999E-002   90046100000000.000        5.1102400000000000E+032
   343	   5.3561600000000001E-002   90351000000000.000        5.1475799999999999E+032
   344	   5.3741199999999996E-002   90655900000000.000        5.1850799999999998E+032
   345	   5.3920799999999998E-002   90960800000000.000        5.2227499999999997E+032
   346	   5.4100400000000000E-002   91265700000000.000        5.2605700000000002E+032
   347	   5.4279999999999995E-002   91570600000000.000        5.2985600000000001E+032
   348	   5.4459599999999997E-002   91875600000000.000        5.3367200000000002E+032
   349	   5.4639199999999999E-002   92180600000000.000        5.3750300000000000E+032
   350	   5.4818799999999994E-002   92485600000000.000        5.4135100000000000E+032
   351	   5.4998399999999996E-002   92790600000000.000        5.4521500000000000E+032
   352	   5.5177999999999998E-002   93095600000000.000        5.4909600000000000E+032
   353	   5.5357599999999993E-002   93400600000000.000        5.5299900000000002E+032
   354	   5.5537199999999995E-002   93705700000000.000        5.5692700000000000E+032
   355	   5.5716799999999997E-002   94010700000000.000        5.6087099999999999E+032
   356	   5.5896399999999992E-002   94315800000000.000        5.6483099999999997E+032
   357	   5.6075999999999994E-002   94620900000000.000        5.6880800000000003E+032
   358	   5.6255599999999996E-002   94926000000000.000        5.7280100000000003E+032
   359	   5.6435199999999991E-002   95231100000000.000        5.7681000000000001E+032
   360	   5.6614799999999993E-002   95536200000000.000        5.8083600000000001E+032
   361	   5.6794399999999995E-002   95841300000000.000        5.8487800000000001E+032
   362	   5.6973999999999990E-002   96146500000000.000        5.8893600000000001E+032
   363	   5.7153599999999992E-002   96451700000000.000        5.9301000000000000E+032
   364	   5.7333200000000001E-002   96756800000000.000        5.9710100000000000E+032
   365	   5.7512800000000003E-002   97062000000000.000        6.0120800000000001E+032
   366	   5.7692399999999998E-002   97367300000000.000        6.0533100000000001E+032
   367	   5.7872000000000000E-002   97672500000000.000        6.0947000000000000E+032
   368	   5.8051600000000002E-002   97977700000000.000        6.1362600000000001E+032
   369	   5.8231199999999997E-002   98283000000000.000        6.1779700000000000E+032
   370	   5.8410799999999999E-002   98588200000000.000        6.2198500000000001E+032
   371	   5.8590400000000001E-002   98893500000000.000        6.2618900000000001E+032
   372	   5.8769999999999996E-002   99198800000000.000        6.3040800000000000E+032
   373	   5.8949599999999998E-002   99504100000000.000        6.3464399999999999E+032
   374	   5.9129199999999993E-002   99809500000000.000        6.3889599999999999E+032
   375	   5.9308799999999995E-002   100115000000000.00        6.4316399999999998E+032
   376	   5.9488399999999997E-002   100420000000000.00        6.4744799999999997E+032
   377	   5.9667999999999992E-002   100726000000000.00        6.5174699999999995E+032
   378	   5.9847599999999994E-002   101031000000000.00        6.5606199999999999E+032
   379	   6.0027199999999996E-002   101336000000000.00        6.6039299999999996E+032
   380	   6.0206799999999991E-002   101642000000000.00        6.6474000000000000E+032
   381	   6.0386399999999993E-002   101947000000000.00        6.6910299999999997E+032
   382	   6.0565999999999995E-002   102253000000000.00        6.7348099999999999E+032
   383	   6.0745599999999990E-002   102558000000000.00        6.7766299999999999E+032
   384	   6.0925199999999992E-002   102864000000000.00        6.8211399999999997E+032
   385	   6.1284399999999989E-002   103475000000000.00        6.9106400000000002E+032
   386	   6.1643600000000000E-002   104086000000000.00        7.0007600000000003E+032
   387	   6.1823200000000002E-002   104391000000000.00        7.0460500000000005E+032
   388	   6.2182399999999999E-002   105002000000000.00        7.1370799999999998E+032
   389	   6.2541600000000003E-002   105613000000000.00        7.2287099999999999E+032
   390	   6.3259999999999997E-002   106836000000000.00        7.4137300000000005E+032
   391	   6.3439599999999999E-002   107142000000000.00        7.4603399999999997E+032
   392	   6.4157999999999993E-002   108364000000000.00        7.6481199999999998E+032
   393	   6.6594799999999996E-002   112516000000000.00        8.1827000000000003E+032
   394	   7.1594800000000000E-002   121040000000000.00        9.6554899999999993E+032
   395	   7.6594799999999991E-002   129575000000000.00        1.1283200000000000E+033
   396	   8.1594799999999995E-002   138124000000000.00        1.3072200000000001E+033
   397	   8.6594800000000000E-002   146686000000000.00        1.5029099999999999E+033
   398	   9.1594800000000004E-002   155261000000000.00        1.7160200000000000E+033
   399	   9.6594799999999995E-002   163850000000000.00        1.9471900000000000E+033
   400	  0.10159499999999999        172453000000000.00        2.1970700000000000E+033
   401	  0.10659500000000000        181071000000000.00        2.4663000000000001E+033
   402	  0.11159500000000000        189704000000000.00        2.7555000000000000E+033
   403	  0.11659499999999999        198352000000000.00        3.0653199999999998E+033
   404	  0.12159499999999999        207016000000000.00        3.3963900000000001E+033
   405	  0.12659499999999999        215696000000000.00        3.7493400000000001E+033
   406	  0.13159499999999999        224392000000000.00        4.1247899999999999E+033
   407	  0.13659499999999999        233105000000000.00        4.5233800000000002E+033
   408	  0.14159500000000000        241836000000000.00        4.9457100000000002E+033
   409	  0.14659500000000000        250584000000000.00        5.3924199999999999E+033
   410	  0.15159500000000001        259349000000000.00        5.8640999999999997E+033
   411	  0.15659499999999998        268133000000000.00        6.3613899999999995E+033
   412	  0.16159499999999999        276936000000000.00        6.8848700000000001E+033
   413	  0.16659499999999999        285757000000000.00        7.4351500000000004E+033
   414	  0.17159500000000000        294598000000000.00        8.0128300000000005E+033
   415	  0.17659500000000000        303459000000000.00        8.6185100000000002E+033
   416	  0.18159499999999998        312339000000000.00        9.2527700000000004E+033
   417	  0.18659499999999998        321240000000000.00        9.9162099999999998E+033
   418	  0.19159499999999999        330161000000000.00        1.0609399999999999E+034
   419	  0.19659499999999996        339104000000000.00        1.1332899999999999E+034
   420	  0.20159500000000000        348068000000000.00        1.2087300000000000E+034
   421	  0.20659499999999997        357053000000000.00        1.2873199999999999E+034
   422	  0.21159500000000001        366061000000000.00        1.3691100000000000E+034
   423	  0.21659499999999998        375091000000000.00        1.4541600000000001E+034
   424	  0.22159499999999996        384144000000000.00        1.5425200000000000E+034
   425	  0.22659499999999999        393220000000000.00        1.6342600000000000E+034
   426	  0.23159499999999997        402319000000000.00        1.7294199999999999E+034
   427	  0.23659500000000000        411442000000000.00        1.8280500000000001E+034
   428	  0.24159499999999998        420589000000000.00        1.9302199999999999E+034
   429	  0.24659500000000001        429761000000000.00        2.0359700000000000E+034
   430	  0.25159499999999996        438957000000000.00        2.1453699999999999E+034
   431	  0.25659499999999996        448179000000000.00        2.2584500000000000E+034
   432	  0.26159499999999997        457425000000000.00        2.3752699999999999E+034
   433	  0.26659499999999997        466698000000000.00        2.4958899999999999E+034
   434	  0.27159499999999998        475996000000000.00        2.6203600000000001E+034
   435	  0.27659499999999998        485321000000000.00        2.7487199999999998E+034
   436	  0.28159499999999998        494673000000000.00        2.8810300000000001E+034
   437	  0.28659499999999999        504051000000000.00        3.0173400000000000E+034
   438	  0.29159499999999999        513457000000000.00        3.1576900000000000E+034
   439	  0.29659500000000000        522891000000000.00        3.3021399999999999E+034
   440	  0.30159499999999995        532352000000000.00        3.4507399999999999E+034
   441	  0.30659500000000001        541842000000000.00        3.6035300000000002E+034
   442	  0.31159499999999996        551360000000000.00        3.7605599999999999E+034
   443	  0.31659499999999996        560907000000000.00        3.9218799999999999E+034
   444	  0.32159499999999996        570484000000000.00        4.0875400000000002E+034
   445	  0.32659499999999997        580090000000000.00        4.2575800000000000E+034
   446	  0.33159499999999997        589725000000000.00        4.4320600000000002E+034
   447	  0.33659499999999998        599391000000000.00        4.6110100000000002E+034
   448	  0.34159499999999998        609087000000000.00        4.7944899999999999E+034
   449	  0.34659499999999999        618814000000000.00        4.9825399999999998E+034
   450	  0.35159499999999994        628572000000000.00        5.1752099999999996E+034
   451	  0.35659499999999994        638361000000000.00        5.3725400000000000E+034
   452	  0.36159500000000000        648182000000000.00        5.5745699999999996E+034
   453	  0.36659500000000000        658034000000000.00        5.7813499999999999E+034
   454	  0.37159499999999995        667919000000000.00        5.9929299999999999E+034
   455	  0.37659499999999996        677837000000000.00        6.2093500000000000E+034
   456	  0.38159500000000002        687787000000000.00        6.4306499999999999E+034
   457	  0.38659499999999997        697770000000000.00        6.6568800000000002E+034
   458	  0.39159499999999997        707786000000000.00        6.8880799999999996E+034
   459	  0.39659499999999998        717836000000000.00        7.1242899999999996E+034
   460	  0.40159499999999992        727921000000000.00        7.3655600000000000E+034
   461	  0.40659499999999998        738039000000000.00        7.6119200000000001E+034
   462	  0.41159499999999999        748192000000000.00        7.8634199999999997E+034
   463	  0.41659499999999999        758379000000000.00        8.1201099999999996E+034
   464	  0.42159499999999994        768602000000000.00        8.3820200000000001E+034
   465	  0.42659499999999995        778860000000000.00        8.6491899999999999E+034
   466	  0.43159500000000001        789153000000000.00        8.9216699999999997E+034
   467	  0.43659499999999996        799483000000000.00        9.1995000000000000E+034
   468	  0.44159499999999996        809848000000000.00        9.4827100000000002E+034
   469	  0.44659499999999996        820250000000000.00        9.7713500000000002E+034
   470	  0.45159500000000002        830689000000000.00        1.0065499999999999E+035
   471	  0.45659499999999997        841165000000000.00        1.0365100000000000E+035
   472	  0.46159499999999998        851678000000000.00        1.0670200000000001E+035
   473	  0.46659499999999998        862228000000000.00        1.0981000000000000E+035
   474	  0.47159499999999993        872816000000000.00        1.1297400000000000E+035
   475	  0.47659499999999999        883443000000000.00        1.1619400000000000E+035
   476	  0.48159500000000000        894107000000000.00        1.1947100000000000E+035
   477	  0.48659499999999994        904811000000000.00        1.2280600000000000E+035
   478	  0.49159499999999995        915553000000000.00        1.2619900000000001E+035
   479	  0.49659499999999995        926334000000000.00        1.2964999999999999E+035
   480	  0.50159500000000001        937155000000000.00        1.3315900000000000E+035
   481	  0.50659500000000002        948015000000000.00        1.3672700000000000E+035
   482	  0.51159499999999991        958915000000000.00        1.4035500000000000E+035
   483	  0.51659499999999992        969856000000000.00        1.4404199999999999E+035
   484	  0.52159500000000003        980837000000000.00        1.4779000000000000E+035
   485	  0.52659500000000004        991858000000000.00        1.5159700000000000E+035
   486	  0.53159499999999993        1002920000000000.0        1.5546600000000001E+035
   487	  0.53659499999999993        1014020000000000.0        1.5939600000000000E+035
   488	  0.54159499999999994        1025170000000000.0        1.6338700000000001E+035
   489	  0.54659499999999994        1036360000000000.0        1.6744000000000002E+035
   490	  0.55159499999999995        1047580000000000.0        1.7155500000000001E+035
   491	  0.55659499999999995        1058860000000000.0        1.7573300000000001E+035
   492	  0.56159499999999996        1070170000000000.0        1.7997399999999999E+035
   493	  0.56659499999999996        1081530000000000.0        1.8427900000000001E+035
   494	  0.57159499999999996        1092920000000000.0        1.8864600000000001E+035
   495	  0.57659499999999997        1104370000000000.0        1.9307800000000001E+035
   496	  0.58159499999999997        1115850000000000.0        1.9757499999999998E+035
   497	  0.58659499999999998        1127380000000000.0        2.0213500000000000E+035
   498	  0.59159499999999998        1138960000000000.0        2.0676100000000002E+035
   499	  0.59659499999999999        1150570000000000.0        2.1145299999999999E+035
   500	  0.60159499999999999        1162230000000000.0        2.1621000000000001E+035
   501	  0.60659500000000000        1173940000000000.0        2.2103300000000002E+035
   502	  0.61159499999999989        1185690000000000.0        2.2592299999999998E+035
   503	  0.61659500000000000        1197490000000000.0        2.3087899999999998E+035
   504	  0.62159500000000001        1209330000000000.0        2.3590300000000001E+035
   505	  0.62659499999999990        1221220000000000.0        2.4099399999999999E+035
   506	  0.63159499999999991        1233150000000000.0        2.4615199999999999E+035
   507	  0.63659499999999991        1245130000000000.0        2.5137899999999998E+035
   508	  0.64159500000000003        1257160000000000.0        2.5667400000000000E+035
   509	  0.64659499999999992        1269230000000000.0        2.6203799999999999E+035
   510	  0.65159499999999992        1281350000000000.0        2.6747100000000000E+035
   511	  0.65659499999999993        1293520000000000.0        2.7297300000000000E+035
   512	  0.66159500000000004        1305730000000000.0        2.7854500000000001E+035
   513	  0.66659499999999994        1317990000000000.0        2.8418699999999999E+035
   514	  0.67159499999999994        1330300000000000.0        2.8989999999999999E+035
   515	  0.67659499999999995        1342660000000000.0        2.9568299999999999E+035
   516	  0.68159499999999995        1355060000000000.0        3.0153700000000001E+035
   517	  0.68659499999999996        1367520000000000.0        3.0746200000000000E+035
   518	  0.69159499999999985        1380020000000000.0        3.1345899999999999E+035
   519	  0.69659500000000008        1392570000000000.0        3.1952800000000002E+035
   520	  0.70159499999999997        1405170000000000.0        3.2566900000000002E+035
   521	  0.70659499999999997        1417820000000000.0        3.3188300000000001E+035
   522	  0.71159499999999998        1430520000000000.0        3.3817000000000001E+035
   523	  0.71659499999999998        1443260000000000.0        3.4453000000000003E+035
   524	  0.72159499999999999        1456060000000000.0        3.5096299999999999E+035
   525	  0.72659499999999988        1468910000000000.0        3.5747000000000001E+035
   526	  0.73159499999999988        1481810000000000.0        3.6405200000000002E+035
   527	  0.73659499999999989        1494760000000000.0        3.7070700000000003E+035
   528	  0.74159499999999989        1507760000000000.0        3.7743700000000002E+035
   529	  0.74659500000000001        1520810000000000.0        3.8424300000000000E+035
   530	  0.75159500000000001        1533920000000000.0        3.9112299999999997E+035
   531	  0.75659500000000002        1547070000000000.0        3.9808000000000000E+035
   532	  0.76159499999999991        1560280000000000.0        4.0511200000000001E+035
   533	  0.76659499999999992        1573540000000000.0        4.1222000000000000E+035
   534	  0.77159499999999992        1586850000000000.0        4.1940499999999997E+035
   535	  0.77659499999999992        1600210000000000.0        4.2666700000000000E+035
   536	  0.78159499999999993        1613630000000000.0        4.3400500000000001E+035
   537	  0.78659499999999993        1627100000000000.0        4.4142099999999999E+035
   538	  0.79159500000000005        1640620000000000.0        4.4891500000000002E+035
   539	  0.79659499999999994        1654190000000000.0        4.5648700000000002E+035
   540	  0.80159499999999995        1667820000000000.0        4.6413699999999999E+035
   541	  0.80659499999999995        1681500000000000.0        4.7186500000000001E+035
   542	  0.81159499999999996        1695240000000000.0        4.7967200000000000E+035
   543	  0.81659499999999996        1709030000000000.0        4.8755900000000002E+035
   544	  0.82159499999999996        1722870000000000.0        4.9552400000000002E+035
   545	  0.82659499999999986        1736770000000000.0        5.0356999999999997E+035
   546	  0.83159499999999986        1750720000000000.0        5.1169499999999997E+035
   547	  0.83659499999999998        1764730000000000.0        5.1990000000000000E+035
   548	  0.84159499999999998        1778800000000000.0        5.2818600000000000E+035
   549	  0.84659499999999999        1792910000000000.0        5.3655300000000002E+035
   550	  0.85159499999999999        1807090000000000.0        5.4500100000000000E+035
   551	  0.85659500000000000        1821320000000000.0        5.5353000000000001E+035
   552	  0.86159499999999989        1835600000000000.0        5.6214099999999997E+035
   553	  0.86659499999999989        1849950000000000.0        5.7083299999999997E+035
   554	  0.87159499999999990        1864350000000000.0        5.7960799999999999E+035
   555	  0.87659499999999990        1878800000000000.0        5.8846500000000003E+035
   556	  0.88159499999999991        1893310000000000.0        5.9740500000000002E+035
   557	  0.88659500000000002        1907880000000000.0        6.0642800000000003E+035
   558	  0.89159500000000003        1922510000000000.0        6.1553399999999999E+035
   559	  0.89659499999999992        1937190000000000.0        6.2472299999999998E+035
   560	  0.90159499999999992        1951930000000000.0        6.3399599999999997E+035
   561	  0.90659499999999993        1966730000000000.0        6.4335399999999998E+035
   562	  0.91159499999999993        1981590000000000.0        6.5279500000000001E+035
   563	  0.91659499999999994        1996500000000000.0        6.6232099999999998E+035
   564	  0.92159499999999983        2011480000000000.0        6.7193199999999996E+035
   565	  0.92659499999999984        2026510000000000.0        6.8162800000000002E+035
   566	  0.93159499999999995        2041600000000000.0        6.9140999999999994E+035
   567	  0.93659499999999996        2056750000000000.0        7.0127700000000002E+035
   568	  0.94159499999999996        2071960000000000.0        7.1122999999999996E+035
   569	  0.94659499999999996        2087220000000000.0        7.2126800000000006E+035
   570	  0.95159499999999997        2102550000000000.0        7.3139400000000001E+035
   571	  0.95659499999999997        2117940000000000.0        7.4160599999999996E+035
   572	  0.96159499999999987        2133390000000000.0        7.5190500000000006E+035
   573	  0.96659499999999987        2148890000000000.0        7.6229000000000002E+035
   574	  0.97159499999999988        2164460000000000.0        7.7276399999999997E+035
   575	  0.97659499999999988        2180090000000000.0        7.8332500000000007E+035
   576	  0.98159500000000000        2195780000000000.0        7.9397400000000002E+035
   577	  0.98659500000000000        2211530000000000.0        8.0471099999999996E+035
   578	  0.99159500000000000        2227340000000000.0        8.1553600000000005E+035
   579	  0.99659499999999990        2243210000000000.0        8.2644999999999998E+035
   580	   1.0015900000000000        2259140000000000.0        8.3745300000000005E+035
   581	   1.0065899999999999        2275140000000000.0        8.4854499999999996E+035
   582	   1.0115900000000000        2291190000000000.0        8.5972700000000001E+035
   583	   1.0165899999999999        2307310000000000.0        8.7099800000000005E+035
   584	   1.0215899999999998        2323490000000000.0        8.8235900000000007E+035
   585	   1.0265899999999999        2339740000000000.0        8.9380999999999993E+035
   586	   1.0315900000000000        2356040000000000.0        9.0535100000000007E+035
   587	   1.0365899999999999        2372410000000000.0        9.1698300000000004E+035
   588	   1.0415900000000000        2388840000000000.0        9.2870600000000000E+035
   589	   1.0465899999999999        2405340000000000.0        9.4051999999999994E+035
   590	   1.0515900000000000        2421890000000000.0        9.5242500000000000E+035
   591	   1.0565899999999999        2438510000000000.0        9.6442200000000004E+035
   592	   1.0615899999999998        2455200000000000.0        9.7651100000000006E+035
   593	   1.0665899999999999        2471950000000000.0        9.8869200000000005E+035
   594	   1.0715899999999998        2488760000000000.0        1.0009600000000000E+036
   595	   1.0765899999999999        2505640000000000.0        1.0133300000000000E+036
   596	   1.0815900000000001        2522580000000000.0        1.0257900000000000E+036
   597	   1.0865899999999999        2539590000000000.0        1.0383400000000000E+036
   598	   1.0915899999999998        2556660000000000.0        1.0509800000000001E+036
   599	   1.0965900000000000        2573790000000000.0        1.0637200000000000E+036
   600	   1.1015899999999998        2590990000000000.0        1.0765500000000000E+036
   601	   1.1065900000000000        2608260000000000.0        1.0894800000000000E+036
   602	   1.1115899999999999        2625590000000000.0        1.1025000000000000E+036
   603	   1.1165900000000000        2642990000000000.0        1.1156100000000000E+036
   604	   1.1215899999999999        2660450000000000.0        1.1288199999999999E+036
   605	   1.1265900000000000        2677980000000000.0        1.1421200000000000E+036
   606	   1.1315899999999999        2695570000000000.0        1.1555200000000000E+036
   607	   1.1365900000000000        2713230000000000.0        1.1690199999999999E+036
   608	   1.1415899999999999        2730960000000000.0        1.1826000000000001E+036
   609	   1.1465900000000000        2748760000000000.0        1.1962900000000001E+036
   610	   1.1515899999999999        2766620000000000.0        1.2100700000000000E+036
   611	   1.1565899999999998        2784550000000000.0        1.2239500000000000E+036
   612	   1.1615899999999999        2802540000000000.0        1.2379200000000000E+036
   613	   1.1665899999999998        2820600000000000.0        1.2519900000000000E+036
   614	   1.1715899999999999        2838740000000000.0        1.2661600000000000E+036
   615	   1.1765900000000000        2856930000000000.0        1.2804200000000000E+036
   616	   1.1815899999999999        2875200000000000.0        1.2947800000000000E+036
   617	   1.1865900000000000        2893530000000000.0        1.3092399999999999E+036
   618	   1.1915899999999999        2911940000000000.0        1.3238000000000000E+036
   619	   1.1965899999999998        2930410000000000.0        1.3384500000000000E+036
   620	   1.2015899999999999        2948950000000000.0        1.3532000000000000E+036
   621	   1.2065899999999998        2967550000000000.0        1.3680499999999999E+036
   622	   1.2115899999999999        2986230000000000.0        1.3829999999999999E+036
   623	   1.2165900000000001        3004980000000000.0        1.3980499999999999E+036
   624	   1.2215900000000000        3023790000000000.0        1.4132000000000000E+036
   625	   1.2265899999999998        3042680000000000.0        1.4284400000000000E+036
   626	   1.2315900000000000        3061630000000000.0        1.4437900000000000E+036
   627	   1.2365899999999999        3080660000000000.0        1.4592300000000001E+036
   628	   1.2415900000000000        3099750000000000.0        1.4747799999999999E+036
   629	   1.2465899999999999        3118910000000000.0        1.4904199999999999E+036
   630	   1.2515900000000000        3138150000000000.0        1.5061700000000000E+036
   631	   1.2565899999999999        3157450000000000.0        1.5220100000000001E+036
   632	   1.2615899999999998        3176830000000000.0        1.5379600000000000E+036
   633	   1.2665899999999999        3196270000000000.0        1.5540100000000000E+036
   634	   1.2715900000000000        3215790000000000.0        1.5701600000000000E+036
   635	   1.2765899999999999        3235380000000000.0        1.5864099999999999E+036
   636	   1.2815900000000000        3255040000000000.0        1.6027600000000001E+036
   637	   1.2865899999999999        3274770000000000.0        1.6192100000000001E+036
   638	   1.2915899999999998        3294570000000000.0        1.6357599999999999E+036
   639	   1.2965899999999999        3314450000000000.0        1.6524200000000000E+036
   640	   1.3015899999999998        3334390000000000.0        1.6691800000000000E+036
   641	   1.3065899999999999        3354410000000000.0        1.6860399999999999E+036
   642	   1.3115900000000000        3374500000000000.0        1.7030100000000000E+036
   643	   1.3165899999999999        3394660000000000.0        1.7200700000000001E+036
   644	   1.3215900000000000        3414900000000000.0        1.7372400000000000E+036
   645	   1.3265899999999999        3435200000000000.0        1.7545200000000000E+036
   646	   1.3315899999999998        3455580000000000.0        1.7718900000000000E+036
   647	   1.3365899999999999        3476040000000000.0        1.7893700000000001E+036
   648	   1.3415899999999998        3496570000000000.0        1.8069600000000000E+036
   649	   1.3465900000000000        3517160000000000.0        1.8246499999999999E+036
   650	   1.3515899999999998        3537840000000000.0        1.8424399999999999E+036
   651	   1.3565900000000000        3558590000000000.0        1.8603299999999999E+036
   652	   1.3615899999999999        3579410000000000.0        1.8783400000000000E+036
   653	   1.3665899999999997        3600300000000000.0        1.8964399999999999E+036
   654	   1.3715899999999999        3621270000000000.0        1.9146500000000001E+036
   655	   1.3765899999999998        3642310000000000.0        1.9329700000000001E+036
   656	   1.3815899999999999        3663430000000000.0        1.9513900000000001E+036
   657	   1.3865900000000000        3684620000000000.0        1.9699199999999999E+036
   658	   1.3915899999999999        3705890000000000.0        1.9885600000000000E+036
   659	   1.3965900000000000        3727230000000000.0        2.0072900000000000E+036
   660	   1.4015899999999999        3748650000000000.0        2.0261399999999999E+036
   661	   1.4065900000000000        3770140000000000.0        2.0450899999999999E+036
   662	   1.4115899999999999        3791710000000000.0        2.0641499999999999E+036
   663	   1.4165900000000000        3813350000000000.0        2.0833200000000000E+036
   664	   1.4215899999999997        3835070000000000.0        2.1025899999999999E+036
   665	   1.4265899999999998        3856860000000000.0        2.1219700000000001E+036
   666	   1.4315900000000001        3878730000000000.0        2.1414500000000000E+036
   667	   1.4365899999999998        3900680000000000.0        2.1610500000000000E+036
   668	   1.4415899999999999        3922700000000000.0        2.1807500000000000E+036
   669	   1.4465899999999998        3944800000000000.0        2.2005600000000001E+036
   670	   1.4515899999999999        3966980000000000.0        2.2204799999999999E+036
   671	   1.4565899999999998        3989230000000000.0        2.2405000000000001E+036
   672	   1.4615899999999999        4011560000000000.0        2.2606400000000000E+036
   673	   1.4665899999999998        4033960000000000.0        2.2808799999999999E+036
   674	   1.4715900000000000        4056450000000000.0        2.3012299999999999E+036
   675	   1.4765900000000001        4079010000000000.0        2.3216899999999999E+036
   676	   1.4815900000000000        4101650000000000.0        2.3422600000000000E+036
   677	   1.4865900000000001        4124360000000000.0        2.3629400000000001E+036
   678	   1.4915899999999997        4147150000000000.0        2.3837199999999999E+036
   679	   1.4965899999999999        4170030000000000.0        2.4046200000000001E+036
   680	   1.5015899999999998        4192980000000000.0        2.4256300000000000E+036
   681	   1.5065899999999999        4216000000000000.0        2.4467399999999999E+036
   682	   1.5115899999999998        4239110000000000.0        2.4679699999999999E+036
   683	   1.5165899999999999        4262290000000000.0        2.4893100000000001E+036
   684	   1.5215900000000000        4285560000000000.0        2.5107599999999999E+036
   685	   1.5265899999999999        4308900000000000.0        2.5323100000000000E+036
   686	   1.5315900000000000        4332320000000000.0        2.5539800000000000E+036
   687	   1.5365899999999999        4355820000000000.0        2.5757600000000001E+036
   688	   1.5415900000000000        4379400000000000.0        2.5976500000000000E+036
   689	   1.5465899999999999        4403050000000000.0        2.6196600000000001E+036
   690	   1.5515900000000000        4426790000000000.0        2.6417700000000000E+036
   691	   1.5565899999999997        4450610000000000.0        2.6639999999999999E+036
   692	   1.5615899999999998        4474510000000000.0        2.6863299999999998E+036
   693	   1.5665900000000001        4498480000000000.0        2.7087799999999998E+036
   694	   1.5715899999999998        4522540000000000.0        2.7313399999999998E+036
   695	   1.5765899999999999        4546680000000000.0        2.7540199999999997E+036
   696	   1.5815899999999998        4570890000000000.0        2.7767999999999998E+036
   697	   1.5865899999999999        4595190000000000.0        2.7996999999999998E+036
   698	   1.5915899999999998        4619570000000000.0        2.8227099999999999E+036
   699	   1.5965900000000000        4644030000000000.0        2.8458399999999999E+036
   700	   1.6015899999999998        4668570000000000.0        2.8690700000000000E+036
   701	   1.6065900000000000        4693190000000000.0        2.8924200000000001E+036
   702	   1.6115899999999996        4717900000000000.0        2.9158900000000002E+036
   703	   1.6165900000000000        4742680000000000.0        2.9394699999999997E+036
   704	   1.6215900000000001        4767540000000000.0        2.9631599999999999E+036
   705	   1.6265899999999998        4792490000000000.0        2.9869600000000001E+036
   706	   1.6315899999999999        4817520000000000.0        3.0108800000000002E+036
   707	   1.6365899999999998        4842630000000000.0        3.0349099999999998E+036
   708	   1.6415899999999999        4867820000000000.0        3.0590600000000000E+036
   709	   1.6465899999999998        4893100000000000.0        3.0833200000000002E+036
   710	   1.6515899999999999        4918460000000000.0        3.1076999999999998E+036
   711	   1.6565899999999998        4943900000000000.0        3.1321900000000000E+036
   712	   1.6615899999999999        4969420000000000.0        3.1568000000000002E+036
   713	   1.6665900000000000        4995020000000000.0        3.1815199999999999E+036
   714	   1.6715899999999999        5020710000000000.0        3.2063500000000001E+036
   715	   1.6765900000000000        5046480000000000.0        3.2313099999999997E+036
   716	   1.6815899999999999        5072330000000000.0        3.2563700000000000E+036
   717	   1.6865900000000000        5098270000000000.0        3.2815600000000002E+036
   718	   1.6915899999999997        5124290000000000.0        3.3068499999999999E+036
   719	   1.6965899999999998        5150400000000000.0        3.3322700000000001E+036
   720	   1.7015899999999997        5176580000000000.0        3.3577999999999998E+036
   721	   1.7065899999999998        5202850000000000.0        3.3834500000000000E+036
   722	   1.7115899999999999        5229210000000000.0        3.4092100000000003E+036
   723	   1.7165899999999998        5255650000000000.0        3.4350899999999999E+036
   724	   1.7215900000000000        5282170000000000.0        3.4610900000000002E+036
   725	   1.7265899999999998        5308780000000000.0        3.4871999999999998E+036
   726	   1.7315900000000000        5335470000000000.0        3.5134300000000001E+036
   727	   1.7365899999999999        5362250000000000.0        3.5397800000000003E+036
   728	   1.7415900000000000        5389110000000000.0        3.5662400000000000E+036
   729	   1.7465899999999996        5416060000000000.0        3.5928300000000001E+036
   730	   1.7515900000000000        5443090000000000.0        3.6195299999999998E+036
   731	   1.7565900000000001        5470200000000000.0        3.6463400000000000E+036
   732	   1.7615899999999998        5497410000000000.0        3.6732800000000002E+036
   733	   1.7665899999999999        5524690000000000.0        3.7003299999999998E+036
   734	   1.7715899999999998        5552060000000000.0        3.7275000000000000E+036
   735	   1.7765899999999999        5579520000000000.0        3.7547900000000002E+036
   736	   1.7815899999999998        5607070000000000.0        3.7821999999999997E+036
   737	   1.7865899999999999        5634700000000000.0        3.8097299999999998E+036
   738	   1.7915899999999998        5662410000000000.0        3.8373700000000000E+036
   739	   1.7965899999999999        5690210000000000.0        3.8651400000000001E+036
   740	   1.8015900000000000        5718100000000000.0        3.8930200000000002E+036
   741	   1.8065899999999999        5746080000000000.0        3.9210199999999997E+036
   742	   1.8115900000000000        5774140000000000.0        3.9491399999999998E+036
   743	   1.8165899999999999        5802280000000000.0        3.9773799999999999E+036
   744	   1.8215900000000000        5830520000000000.0        4.0057400000000000E+036
   745	   1.8265899999999997        5858840000000000.0        4.0342200000000000E+036
   746	   1.8315899999999998        5887250000000000.0        4.0628200000000000E+036
   747	   1.8365899999999997        5915740000000000.0        4.0915400000000000E+036
   748	   1.8415899999999998        5944330000000000.0        4.1203800000000000E+036
   749	   1.8465899999999997        5973000000000000.0        4.1493399999999999E+036
   750	   1.8515899999999998        6001750000000000.0        4.1784199999999999E+036
   751	   1.8565900000000000        6030600000000000.0        4.2076199999999998E+036
   752	   1.8615899999999999        6059530000000000.0        4.2369299999999997E+036
   753	   1.8665900000000000        6088550000000000.0        4.2663700000000002E+036
   754	   1.8715899999999999        6117660000000000.0        4.2959400000000000E+036
   755	   1.8765900000000000        6146860000000000.0        4.3256199999999998E+036
   756	   1.8815899999999997        6176140000000000.0        4.3554200000000003E+036
   757	   1.8865900000000000        6205520000000000.0        4.3853400000000001E+036
   758	   1.8915899999999997        6234980000000000.0        4.4153899999999998E+036
   759	   1.8965899999999998        6264530000000000.0        4.4455500000000002E+036
   760	   1.9015899999999999        6294170000000000.0        4.4758399999999998E+036
   761	   1.9065899999999998        6323900000000000.0        4.5062500000000001E+036
   762	   1.9115899999999999        6353720000000000.0        4.5367799999999998E+036
   763	   1.9165899999999998        6383620000000000.0        4.5674300000000000E+036
   764	   1.9215899999999999        6413620000000000.0        4.5982100000000002E+036
   765	   1.9265899999999998        6443700000000000.0        4.6290999999999998E+036
   766	   1.9315899999999999        6473880000000000.0        4.6601199999999999E+036
   767	   1.9365899999999998        6504140000000000.0        4.6912600000000000E+036
   768	   1.9415899999999999        6534500000000000.0        4.7225200000000001E+036
   769	   1.9465900000000000        6564940000000000.0        4.7539100000000001E+036
   770	   1.9515899999999999        6595470000000000.0        4.7854200000000001E+036
   771	   1.9565900000000001        6626100000000000.0        4.8170500000000001E+036
   772	   1.9615899999999997        6656810000000000.0        4.8488000000000000E+036
   773	   1.9665899999999998        6687610000000000.0        4.8806700000000000E+036
   774	   1.9715899999999997        6718510000000000.0        4.9126699999999998E+036
   775	   1.9765899999999998        6749490000000000.0        4.9448000000000002E+036
   776	   1.9815899999999997        6780570000000000.0        4.9770400000000000E+036
   777	   1.9865899999999999        6811740000000000.0        5.0094099999999998E+036
   778	   1.9915900000000000        6842990000000000.0        5.0419000000000001E+036
   779	   1.9965899999999999        6874340000000000.0        5.0745199999999998E+036
